Percent subgroups	3_GP_06_08_10_	4_GP_06_08_09_10_	2_GP_06_09_	2_GP_06_08_	1_GP_09_	1_GP_08_	2_GP_08_10_	3_GP_06_09_10_	2_GP_06_10_	3_GP_06_08_09_	1_GP_06_	2_GP_08_09_	1_GP_10_	3_GP_08_09_10_	2_GP_09_10_	OnePepPercent
1.0	7200	1777672	1006	292	3186	1354	4926	8264	20784	22996	3864	16138	17938	139712	9802	0.2953456104944501
1.0	7200	1777672	1006	292	3186	1354	4926	8264	20784	22996	3864	16138	17938	139712	9802	0.2953456104944501
0.8223379911388091	7200	1777672	1006	292	1472	352	4926	8264	20784	22996	3120	16138	14100	139712	9802	0.09171999224355246
0.7434636545109304	7200	1777672	962	260	764	140	4534	8264	20656	22996	2296	15458	11208	139712	9234	0.03856355845745766
0.6918058328058815	7152	1777672	848	206	440	68	4030	8222	20188	22960	2110	14360	9030	139262	8442	0.019809086341778512
0.6503724621451872	7048	1777664	712	150	216	52	3558	8158	19668	22888	1766	13264	7126	138406	7506	0.01189303840618135
0.6180924095622962	6958	1777604	522	130	126	42	2998	8048	19018	22748	1516	12314	5696	137096	6736	0.007779630070651742
0.5915575247090901	6790	1777412	450	118	66	30	2626	7880	18274	22544	1336	11426	4616	135620	5824	0.006044547486958682
0.5684307902040021	6608	1777090	436	76	66	30	2290	7558	17602	22208	1154	10642	3972	133492	5138	0.005079201101928375
0.5458883100443059	6448	1776546	404	76	18	30	1970	7414	16850	21728	866	9842	3236	130884	4642	0.0035803795202291443
0.5270947952675398	6250	1775844	386	58	0	30	1628	7162	16274	21242	704	9158	2714	128382	4174	0.0026859312772066313
0.5108330493208043	6190	1775064	346	58	0	30	1368	6882	15674	20942	584	8538	2274	125602	3774	0.0022927015666794038
0.4948147426846487	5948	1773964	324	58	0	30	1192	6574	15080	20766	518	7900	1944	122764	3026	0.0017742730409068506
0.4803544476362043	5756	1772668	300	58	0	30	1168	6310	14168	20454	494	7252	1800	119884	2618	0.0015226880519744188
0.4667218462437314	5366	1770926	222	32	0	30	934	6154	13622	20090	416	6888	1566	117024	2410	0.0010442773600668337
0.4536248113345343	5170	1769022	222	32	0	30	822	5958	13118	19810	416	6272	1342	113776	2158	8.593833924159416E-4
0.4414528458055407	5080	1766742	222	32	0	0	762	5688	12698	19420	386	5762	1222	110806	1828	8.830996798763661E-4
0.42884268951750326	4888	1764182	190	0	0	0	698	5272	11994	19004	354	5314	1062	107862	1540	9.090909090909091E-4
0.41798529626564096	4752	1761734	190	0	0	0	596	5034	11450	18766	320	4532	858	105040	1506	5.827505827505828E-4
0.4070792151516627	4500	1758854	118	0	0	0	596	4890	10982	18298	320	4100	750	101944	1362	4.7864066052411155E-4
0.3968060762451921	4386	1756270	80	0	0	0	482	4738	10602	17804	320	3758	674	98448	1134	4.910385465259023E-4
0.3871171916841131	4186	1753470	80	0	0	0	402	4458	10122	17364	200	3598	634	95328	894	5.033345916698125E-4
0.37869419153804956	3934	1750152	80	0	0	0	360	4332	9912	17196	200	3220	634	92598	852	3.858520900321543E-4
0.3711962607721895	3802	1747072	80	0	0	0	316	4156	9384	17020	156	3000	546	90310	852	3.936491274111009E-4
0.36233506986708214	3710	1743576	80	0	0	0	224	3880	9108	16606	156	2678	546	86952	806	1.3439053890606102E-4
0.35376600613467063	3518	1739784	80	0	0	0	224	3688	8676	16126	156	2486	546	83928	662	1.3764624913971095E-4
0.34621938750669456	3518	1736084	80	0	0	0	224	3488	8376	15926	156	2186	496	81028	562	0.0
0.33911095963776233	3518	1731976	80	0	0	0	224	3384	8116	15770	156	2030	444	78272	562	0.0
0.3318077803203661	3302	1727548	80	0	0	0	116	3330	7900	15446	156	1760	444	75896	454	0.0
0.3248454160377818	3246	1723796	80	0	0	0	60	3162	7508	15054	156	1704	444	72816	398	0.0
0.3183699303763572	3188	1719562	80	0	0	0	60	3104	7392	14532	156	1588	386	70264	398	0.0
0.3127221383709041	3188	1715842	80	0	0	0	0	2984	7152	14292	156	1528	386	67744	398	0.0
0.30697697064121915	3188	1711130	80	0	0	0	0	2984	6904	14044	156	1342	386	65946	274	0.0
0.30176736939480986	3060	1706906	80	0	0	0	0	2984	6520	13724	156	1278	386	64282	210	0.0
0.2969472710453284	3060	1703012	80	0	0	0	0	2918	6124	13460	156	1146	386	62500	210	0.0
0.2912021033156434	2992	1697640	80	0	0	0	0	2782	5988	12984	156	1146	318	60732	210	0.0
0.28613856565558204	2852	1692950	80	0	0	0	0	2712	5708	12844	156	1146	318	58772	210	0.0
0.2809289644091728	2564	1688126	80	0	0	0	0	2712	5492	12412	156	1074	174	57116	138	0.0
0.27630361750815524	2416	1683612	80	0	0	0	0	2490	5344	12264	156	926	174	55414	138	0.0
0.2713861434344418	2416	1678824	80	0	0	0	0	2490	4964	12188	80	926	174	53058	138	0.0
0.26729636301669996	2416	1674378	80	0	0	0	0	2490	4730	11876	80	926	174	51498	138	0.0
0.2635473976337699	2416	1669978	0	0	0	0	0	2250	4650	11796	0	926	94	50378	138	0.0
0.25794829349043286	2170	1663582	0	0	0	0	0	2250	4486	11468	0	762	94	48246	138	0.0
0.2528847558303715	2086	1657114	0	0	0	0	0	2166	4234	11300	0	762	94	46566	138	0.0
0.24835678465358585	1914	1651266	0	0	0	0	0	2080	4234	11300	0	676	94	44760	138	0.0
0.24460781927065584	1826	1645722	0	0	0	0	0	1816	4058	11212	0	676	94	44144	138	0.0
0.24115098106042163	1646	1640592	0	0	0	0	0	1816	4058	11122	0	586	94	43244	138	0.0
0.23827839719557914	1646	1636544	0	0	0	0	0	1724	3966	10938	0	402	94	42416	138	0.0
0.2353084376065047	1646	1631844	0	0	0	0	0	1630	3966	10844	0	402	0	41664	138	0.0
0.2316568479478066	1646	1625988	0	0	0	0	0	1630	3966	10652	0	402	0	40512	138	0.0
0.22829738546180436	1254	1621186	0	0	0	0	0	1630	3868	10456	0	304	0	39336	138	0.0
0.22523005014849798	1054	1616286	0	0	0	0	0	1630	3768	10256	0	304	0	38436	138	0.0
0.22260090559423537	1054	1612410	0	0	0	0	0	1528	3768	10052	0	304	0	37110	138	0.0
0.21992307317785675	950	1607418	0	0	0	0	0	1528	3664	9948	0	304	0	36694	138	0.0
0.21685573786455037	950	1601482	0	0	0	0	0	1528	3664	9524	0	304	0	36376	138	0.0
0.21417790544817178	950	1596514	0	0	0	0	0	1528	3556	9308	0	304	0	35728	138	0.0
0.2114513851696772	840	1592114	0	0	0	0	0	1528	3336	8868	0	304	0	34738	138	0.0
0.20901699206387847	840	1587522	0	0	0	0	0	1528	3224	8644	0	304	0	34066	138	0.0
0.20643653537173182	840	1582620	0	0	0	0	0	1528	3110	8188	0	304	0	33496	138	0.0
0.20371001509323725	724	1577864	0	0	0	0	0	1412	2994	7840	0	188	0	32568	138	0.0
0.20137299771167047	606	1573498	0	0	0	0	0	1294	2994	7722	0	188	0	31624	138	0.0
0.19918204391645164	606	1569298	0	0	0	0	0	1294	2874	7722	0	188	0	30544	138	0.0
0.19650421150007302	606	1562954	0	0	0	0	0	1294	2874	7478	0	188	0	30422	138	0.0
0.19377769122157845	606	1557498	0	0	0	0	0	1294	2874	7478	0	188	0	28934	138	0.0
0.19153804956424364	606	1552584	0	0	0	0	0	1294	2874	7226	0	188	0	28304	138	0.0
0.1894931593553727	606	1548104	0	0	0	0	0	1294	2746	7098	0	188	0	27664	138	0.0
0.18744826914650178	606	1543294	0	0	0	0	0	1164	2746	6968	0	188	0	27274	138	0.0
0.1855007546618628	606	1538674	0	0	0	0	0	1164	2746	6836	0	188	0	26746	138	0.0
0.18326111300452796	606	1533448	0	0	0	0	0	1030	2612	6702	0	188	0	26210	138	0.0
0.18180047714104874	606	1529640	0	0	0	0	0	1030	2612	6566	0	188	0	26074	138	0.0
0.17960952334582989	606	1524810	0	0	0	0	0	1030	2336	6428	0	188	0	25246	0	0.0
0.17780807244753882	606	1519910	0	0	0	0	0	1030	2336	6428	0	188	0	24966	0	0.0
0.17605530941136374	606	1515366	0	0	0	0	0	1030	2194	6428	0	188	0	24540	0	0.0
0.17396173134037685	606	1509894	0	0	0	0	0	1030	2194	6140	0	188	0	24108	0	0.0
0.17186815326938995	606	1504346	0	0	0	0	0	1030	2194	6140	0	188	0	23378	0	0.0
0.16992063878475097	606	1499610	0	0	0	0	0	734	2194	5696	0	188	0	22934	0	0.0
0.16787574857588003	606	1494210	0	0	0	0	0	734	2044	5696	0	188	0	22184	0	0.0
0.1664151127124008	606	1490562	0	0	0	0	0	734	2044	5696	0	188	0	21272	0	0.0
0.16466234967622573	606	1485634	0	0	0	0	0	734	1890	5542	0	188	0	20964	0	0.0
0.16261745946735479	606	1479862	0	0	0	0	0	734	1890	5386	0	188	0	20340	0	0.0
0.16110813574175958	448	1475280	0	0	0	0	0	734	1890	5386	0	188	0	20182	0	0.0
0.15872243049807683	448	1468080	0	0	0	0	0	574	1890	5226	0	188	0	19862	0	0.0
0.15716441891036564	448	1463220	0	0	0	0	0	574	1890	5064	0	188	0	19700	0	0.0
0.15502215297726277	448	1456332	0	0	0	0	0	574	1890	5064	0	188	0	19372	0	0.0
0.15297726276839185	448	1450024	0	0	0	0	0	574	1890	4898	0	188	0	18874	0	0.0
0.15107843614586883	448	1443808	0	0	0	0	0	574	1890	4898	0	188	0	18538	0	0.0
0.1486927309021861	448	1436838	0	0	0	0	0	574	1720	4898	0	188	0	17348	0	0.0
0.1471347193144749	448	1431678	0	0	0	0	0	574	1720	4898	0	188	0	17004	0	0.0
0.1457714591752276	448	1427676	0	0	0	0	0	574	1720	4550	0	188	0	16482	0	0.0
0.1437265689663567	448	1421164	0	0	0	0	0	574	1720	4374	0	188	0	15778	0	0.0
0.1422172452407615	448	1415824	0	0	0	0	0	574	1720	4374	0	188	0	15600	0	0.0
0.14061054579093432	448	1410244	0	0	0	0	0	574	1720	4194	0	188	0	15420	0	0.0
0.13910122206533912	448	1405148	0	0	0	0	0	574	1538	4194	0	188	0	15056	0	0.0
0.13744583475339597	448	1399260	0	0	0	0	0	574	1538	3826	0	188	0	15056	0	0.0
0.13579044744145286	448	1393680	0	0	0	0	0	574	1538	3640	0	188	0	14498	0	0.0
0.13442718730220557	260	1389356	0	0	0	0	0	574	1538	3640	0	0	0	13934	0	0.0
0.1337942450946979	260	1387076	0	0	0	0	0	574	1538	3450	0	0	0	13934	0	0.0
0.1322362335069867	260	1381508	0	0	0	0	0	574	1346	3258	0	0	0	13742	0	0.0
0.13062953405715955	260	1375688	0	0	0	0	0	574	1346	3064	0	0	0	13354	0	0.0
0.12931496178002824	260	1371376	0	0	0	0	0	574	1346	2868	0	0	0	12570	0	0.0
0.12809776522712887	260	1366822	0	0	0	0	0	574	1346	2472	0	0	0	12570	0	0.0
0.1267345050878816	260	1362022	0	0	0	0	0	574	1346	2472	0	0	0	11770	0	0.0
0.12498174205170651	260	1355154	0	0	0	0	0	574	1346	2472	0	0	0	11366	0	0.0
0.12381323336092312	260	1351074	0	0	0	0	0	370	1142	2472	0	0	0	10958	0	0.0
0.12240128535955987	260	1345306	0	0	0	0	0	370	1142	2266	0	0	0	10958	0	0.0
0.12113540094454453	260	1340314	0	0	0	0	0	370	1142	2266	0	0	0	10542	0	0.0
0.12021033156434101	260	1336744	0	0	0	0	0	370	932	2056	0	0	0	10542	0	0.0
0.11923657432202152	260	1333352	0	0	0	0	0	370	932	1844	0	0	0	9906	0	0.0
0.11792200204489021	260	1328216	0	0	0	0	0	370	932	1844	0	0	0	9264	0	0.0
0.11685086907833878	260	1323680	0	0	0	0	0	370	932	1844	0	0	0	9048	0	0.0
0.11558498466332344	260	1318230	0	0	0	0	0	370	714	1844	0	0	0	9048	0	0.0
0.11436778811042407	260	1313390	0	0	0	0	0	370	714	1404	0	0	0	8828	0	0.0
0.11354009445445251	260	1309616	0	0	0	0	0	370	714	1404	0	0	0	8828	0	0.0
0.11217683431520523	260	1303792	0	0	0	0	0	370	490	1180	0	0	0	8828	0	0.0
0.11071619845172598	260	1297238	0	0	0	0	0	370	490	954	0	0	0	8828	0	0.0
0.10969375334729052	260	1292678	0	0	0	0	0	370	490	954	0	0	0	8600	0	0.0
0.10847655679439115	260	1287388	0	0	0	0	0	370	490	954	0	0	0	8140	0	0.0
0.1074541116899557	260	1282980	0	0	0	0	0	370	490	722	0	0	0	7908	0	0.0
0.10633429086128827	260	1278066	0	0	0	0	0	370	490	488	0	0	0	7674	0	0.0
0.10521447003262087	260	1272874	0	0	0	0	0	370	490	488	0	0	0	7438	0	0.0
0.10404596134183748	260	1267162	0	0	0	0	0	370	490	488	0	0	0	7438	0	0.0
0.10282876478893811	260	1261882	0	0	0	0	0	370	490	248	0	0	0	6958	0	0.0
0.10214713471931447	260	1258736	0	0	0	0	0	370	490	248	0	0	0	6716	0	0.0
0.10131944106334291	260	1254832	0	0	0	0	0	370	246	248	0	0	0	6716	0	0.0
0.10058912313160329	260	1251634	0	0	0	0	0	370	0	248	0	0	0	6470	0	0.0
0.09985880519986368	260	1248162	0	0	0	0	0	370	0	0	0	0	0	6470	0	0.0
0.09912848726812405	260	1244662	0	0	0	0	0	370	0	0	0	0	0	6220	0	0.0
0.09800866643945665	260	1238866	0	0	0	0	0	370	0	0	0	0	0	6220	0	0.0
0.09688884561078923	260	1233278	0	0	0	0	0	370	0	0	0	0	0	5966	0	0.0
0.09591508836846974	260	1228414	0	0	0	0	0	370	0	0	0	0	0	5710	0	0.0
0.09518477043673013	260	1224544	0	0	0	0	0	370	0	0	0	0	0	5710	0	0.0
0.09421101319441064	0	1219604	0	0	0	0	0	370	0	0	0	0	0	5710	0	0.0
0.09328594381420711	0	1214888	0	0	0	0	0	370	0	0	0	0	0	5448	0	0.0
0.09250693802035152	0	1210664	0	0	0	0	0	370	0	0	0	0	0	5448	0	0.0
0.09158186864014801	0	1205610	0	0	0	0	0	370	0	0	0	0	0	5448	0	0.0
0.09080286284629242	0	1201322	0	0	0	0	0	370	0	0	0	0	0	5448	0	0.0
0.0900725449145528	0	1197272	0	0	0	0	0	370	0	0	0	0	0	5448	0	0.0
0.08924485125858124	0	1192648	0	0	0	0	0	370	0	0	0	0	0	5448	0	0.0
0.08841715760260967	0	1188538	0	0	0	0	0	370	0	0	0	0	0	4900	0	0.0
0.08729733677394226	0	1182742	0	0	0	0	0	370	0	0	0	0	0	4348	0	0.0
0.08676177029066653	0	1179684	0	0	0	0	0	370	0	0	0	0	0	4348	0	0.0
0.08612882808315887	0	1176324	0	0	0	0	0	370	0	0	0	0	0	4068	0	0.0
0.08525244656507133	0	1171530	0	0	0	0	0	370	0	0	0	0	0	3786	0	0.0
0.08442475290909976	0	1166702	0	0	0	0	0	370	0	0	0	0	0	3786	0	0.0
0.08384049856370807	0	1163270	0	0	0	0	0	370	0	0	0	0	0	3786	0	0.0
0.08325624421831637	0	1159814	0	0	0	0	0	370	0	0	0	0	0	3786	0	0.0
0.08247723842446078	0	1155174	0	0	0	0	0	370	0	0	0	0	0	3786	0	0.0
0.08194167194118507	0	1151962	0	0	0	0	0	370	0	0	0	0	0	3786	0	0.0
0.08121135400944544	0	1147846	0	0	0	0	0	370	0	0	0	0	0	3492	0	0.0
0.08028628462924194	0	1142222	0	0	0	0	0	370	0	0	0	0	0	3492	0	0.0
0.07945859097327036	0	1137156	0	0	0	0	0	370	0	0	0	0	0	3492	0	0.0
0.07892302448999465	0	1133856	0	0	0	0	0	370	0	0	0	0	0	3492	0	0.0
0.07853352159306685	0	1131440	0	0	0	0	0	370	0	0	0	0	0	3492	0	0.0
0.07809533083402308	0	1129008	0	0	0	0	0	370	0	0	0	0	0	3188	0	0.0
0.07775451579921126	0	1126866	0	0	0	0	0	370	0	0	0	0	0	3188	0	0.0
0.07731632504016749	0	1124094	0	0	0	0	0	370	0	0	0	0	0	3188	0	0.0
0.07678075855689177	0	1120994	0	0	0	0	0	370	0	0	0	0	0	2878	0	0.0
0.07609912848726813	0	1116938	0	0	0	0	0	370	0	0	0	0	0	2566	0	0.0
0.07566093772822435	0	1114112	0	0	0	0	0	370	0	0	0	0	0	2566	0	0.0
0.07517405910706461	0	1110952	0	0	0	0	0	370	0	0	0	0	0	2566	0	0.0
0.07454111689955695	0	1106818	0	0	0	0	0	370	0	0	0	0	0	2566	0	0.0
0.07405423827839719	0	1103618	0	0	0	0	0	370	0	0	0	0	0	2566	0	0.0
0.07342129607088953	0	1099754	0	0	0	0	0	370	0	0	0	0	0	2244	0	0.0
0.0726909781391499	0	1094894	0	0	0	0	0	370	0	0	0	0	0	2244	0	0.0
0.07220409951799016	0	1091634	0	0	0	0	0	370	0	0	0	0	0	2244	0	0.0
0.07166853303471445	0	1088026	0	0	0	0	0	370	0	0	0	0	0	2244	0	0.0
0.07123034227567067	0	1085056	0	0	0	0	0	370	0	0	0	0	0	2244	0	0.0
0.0709869029650908	0	1083396	0	0	0	0	0	370	0	0	0	0	0	2244	0	0.0
0.07035396075758313	0	1079054	0	0	0	0	0	370	0	0	0	0	0	2244	0	0.0
0.06991576999853936	0	1076030	0	0	0	0	0	370	0	0	0	0	0	2244	0	0.0
0.06972101855007547	0	1074678	0	0	0	0	0	370	0	0	0	0	0	2244	0	0.0
0.06913676420468377	0	1070598	0	0	0	0	0	370	0	0	0	0	0	2244	0	0.0
0.06899070061833584	0	1069572	0	0	0	0	0	370	0	0	0	0	0	2244	0	0.0
0.06840644627294415	0	1065444	0	0	0	0	0	370	0	0	0	0	0	2244	0	0.0
0.0679195676517844	0	1061984	0	0	0	0	0	370	0	0	0	0	0	2244	0	0.0
0.06733531330639271	0	1057808	0	0	0	0	0	370	0	0	0	0	0	2244	0	0.0
0.06670237109888505	0	1053608	0	0	0	0	0	370	0	0	0	0	0	1894	0	0.0
0.06606942889137737	0	1049032	0	0	0	0	0	370	0	0	0	0	0	1894	0	0.0
0.06563123813233361	0	1045846	0	0	0	0	0	370	0	0	0	0	0	1894	0	0.0
0.06514435951117387	0	1042642	0	0	0	0	0	370	0	0	0	0	0	1538	0	0.0
0.06456010516578217	0	1038346	0	0	0	0	0	370	0	0	0	0	0	1538	0	0.0
0.06407322654462243	0	1034746	0	0	0	0	0	370	0	0	0	0	0	1538	0	0.0
0.06363503578557865	0	1031488	0	0	0	0	0	370	0	0	0	0	0	1538	0	0.0
0.06329422075076684	0	1028940	0	0	0	0	0	370	0	0	0	0	0	1538	0	0.0
0.06295340571595501	0	1026378	0	0	0	0	0	370	0	0	0	0	0	1538	0	0.0
0.06217439992209942	0	1020858	0	0	0	0	0	370	0	0	0	0	0	1170	0	0.0
0.06159014557670773	0	1016788	0	0	0	0	0	0	0	0	0	0	0	1170	0	0.0
0.06120064267977993	0	1013812	0	0	0	0	0	0	0	0	0	0	0	1170	0	0.0
0.06081113978285214	0	1010820	0	0	0	0	0	0	0	0	0	0	0	1170	0	0.0
0.06037294902380837	0	1007436	0	0	0	0	0	0	0	0	0	0	0	1170	0	0.0
0.05988607040264862	0	1003656	0	0	0	0	0	0	0	0	0	0	0	1170	0	0.0
0.05920444033302498	0	998336	0	0	0	0	0	0	0	0	0	0	0	1170	0	0.0
0.058814937436097184	0	995280	0	0	0	0	0	0	0	0	0	0	0	1170	0	0.0
0.05823068309070549	0	991056	0	0	0	0	0	0	0	0	0	0	0	786	0	0.0
0.05769511660742977	0	986810	0	0	0	0	0	0	0	0	0	0	0	786	0	0.0
0.057256925848386	0	983318	0	0	0	0	0	0	0	0	0	0	0	786	0	0.0
0.05691611081357418	0	980588	0	0	0	0	0	0	0	0	0	0	0	786	0	0.0
0.05628316860606651	0	975884	0	0	0	0	0	0	0	0	0	0	0	394	0	0.0
0.05565022639855884	0	971156	0	0	0	0	0	0	0	0	0	0	0	0	0	0.0
0.05535809922586299	0	968780	0	0	0	0	0	0	0	0	0	0	0	0	0	0.0
0.05501728419105117	0	965994	0	0	0	0	0	0	0	0	0	0	0	0	0	0.0
0.05462778129412337	0	962794	0	0	0	0	0	0	0	0	0	0	0	0	0	0.0
0.05428696625931155	0	959980	0	0	0	0	0	0	0	0	0	0	0	0	0	0.0
0.053994839086615704	0	957556	0	0	0	0	0	0	0	0	0	0	0	0	0	0.0
0.05375139977603583	0	955526	0	0	0	0	0	0	0	0	0	0	0	0	0	0.0
0.053459272603339984	0	953078	0	0	0	0	0	0	0	0	0	0	0	0	0	0.0
0.05311845756852816	0	950208	0	0	0	0	0	0	0	0	0	0	0	0	0	0.0
0.05268026680948439	0	946500	0	0	0	0	0	0	0	0	0	0	0	0	0	0.0
0.052485515361020495	0	944844	0	0	0	0	0	0	0	0	0	0	0	0	0	0.0
0.05219338818832465	0	942348	0	0	0	0	0	0	0	0	0	0	0	0	0	0.0
0.0520960124640927	0	941512	0	0	0	0	0	0	0	0	0	0	0	0	0	0.0
0.0517065095671649	0	938152	0	0	0	0	0	0	0	0	0	0	0	0	0	0.0
0.051414382394469056	0	935620	0	0	0	0	0	0	0	0	0	0	0	0	0	0.0
0.050976191635425286	0	931804	0	0	0	0	0	0	0	0	0	0	0	0	0	0.0
0.050732752324845413	0	929674	0	0	0	0	0	0	0	0	0	0	0	0	0	0.0
0.05024587370368567	0	925394	0	0	0	0	0	0	0	0	0	0	0	0	0	0.0
0.050002434393105796	0	923244	0	0	0	0	0	0	0	0	0	0	0	0	0	0.0
0.049758995082525924	0	921084	0	0	0	0	0	0	0	0	0	0	0	0	0	0.0
0.04951555577194605	0	918914	0	0	0	0	0	0	0	0	0	0	0	0	0	0.0
0.04897998928867033	0	914118	0	0	0	0	0	0	0	0	0	0	0	0	0	0.0
0.04863917425385851	0	911052	0	0	0	0	0	0	0	0	0	0	0	0	0	0.0
0.048347047081162664	0	908412	0	0	0	0	0	0	0	0	0	0	0	0	0	0.0
0.048152295632698766	0	906644	0	0	0	0	0	0	0	0	0	0	0	0	0	0.0
0.04786016846000292	0	903980	0	0	0	0	0	0	0	0	0	0	0	0	0	0.0
0.04766541701153902	0	902196	0	0	0	0	0	0	0	0	0	0	0	0	0	0.0
0.04742197770095915	0	899956	0	0	0	0	0	0	0	0	0	0	0	0	0	0.0
0.04708116266614733	0	896806	0	0	0	0	0	0	0	0	0	0	0	0	0	0.0
0.04688641121768343	0	894998	0	0	0	0	0	0	0	0	0	0	0	0	0	0.0
0.04625346901017576	0	889096	0	0	0	0	0	0	0	0	0	0	0	0	0	0.0
0.04591265397536394	0	885904	0	0	0	0	0	0	0	0	0	0	0	0	0	0.0
0.04562052680266809	0	883156	0	0	0	0	0	0	0	0	0	0	0	0	0	0.0
0.04547446321632017	0	881776	0	0	0	0	0	0	0	0	0	0	0	0	0	0.0
0.0452310239057403	0	879466	0	0	0	0	0	0	0	0	0	0	0	0	0	0.0
0.044987584595160425	0	877146	0	0	0	0	0	0	0	0	0	0	0	0	0	0.0
0.04479283314669653	0	875282	0	0	0	0	0	0	0	0	0	0	0	0	0	0.0
0.044646769560348604	0	873878	0	0	0	0	0	0	0	0	0	0	0	0	0	0.0
0.04440333024976873	0	871528	0	0	0	0	0	0	0	0	0	0	0	0	0	0.0
0.044111203077072884	0	868696	0	0	0	0	0	0	0	0	0	0	0	0	0	0.0
0.04381907590437704	0	865852	0	0	0	0	0	0	0	0	0	0	0	0	0	0.0
0.043478260869565216	0	862520	0	0	0	0	0	0	0	0	0	0	0	0	0	0.0
0.04318613369686937	0	859652	0	0	0	0	0	0	0	0	0	0	0	0	0	0.0
0.04289400652417352	0	856772	0	0	0	0	0	0	0	0	0	0	0	0	0	0.0
0.042699255075709625	0	854844	0	0	0	0	0	0	0	0	0	0	0	0	0	0.0
0.0425531914893617	0	853392	0	0	0	0	0	0	0	0	0	0	0	0	0	0.0
0.042261064316665854	0	850476	0	0	0	0	0	0	0	0	0	0	0	0	0	0.0
0.04196893714397001	0	847548	0	0	0	0	0	0	0	0	0	0	0	0	0	0.0
0.041725497833390135	0	845098	0	0	0	0	0	0	0	0	0	0	0	0	0	0.0
0.04167680997127416	0	844606	0	0	0	0	0	0	0	0	0	0	0	0	0	0.0
0.04148205852281026	0	842630	0	0	0	0	0	0	0	0	0	0	0	0	0	0.0
0.041384682798578314	0	841638	0	0	0	0	0	0	0	0	0	0	0	0	0	0.0
0.041287307074346365	0	840642	0	0	0	0	0	0	0	0	0	0	0	0	0	0.0
0.04104386776376649	0	838142	0	0	0	0	0	0	0	0	0	0	0	0	0	0.0
0.04094649203953454	0	837138	0	0	0	0	0	0	0	0	0	0	0	0	0	0.0
0.04080042845318662	0	835626	0	0	0	0	0	0	0	0	0	0	0	0	0	0.0
0.040654364866838696	0	834108	0	0	0	0	0	0	0	0	0	0	0	0	0	0.0
0.0404596134183748	0	832076	0	0	0	0	0	0	0	0	0	0	0	0	0	0.0
0.040313549832026875	0	830546	0	0	0	0	0	0	0	0	0	0	0	0	0	0.0
0.04016748624567895	0	829010	0	0	0	0	0	0	0	0	0	0	0	0	0	0.0
0.040070110521447	0	827982	0	0	0	0	0	0	0	0	0	0	0	0	0	0.0
0.039972734797215054	0	826950	0	0	0	0	0	0	0	0	0	0	0	0	0	0.0
0.03982667121086713	0	825396	0	0	0	0	0	0	0	0	0	0	0	0	0	0.0
0.03953454403817128	0	822276	0	0	0	0	0	0	0	0	0	0	0	0	0	0.0
0.03909635327912751	0	817578	0	0	0	0	0	0	0	0	0	0	0	0	0	0.0
0.03885291396854764	0	814958	0	0	0	0	0	0	0	0	0	0	0	0	0	0.0
0.03875553824431569	0	813906	0	0	0	0	0	0	0	0	0	0	0	0	0	0.0
0.03865816252008374	0	812850	0	0	0	0	0	0	0	0	0	0	0	0	0	0.0
0.038463411071619845	0	810730	0	0	0	0	0	0	0	0	0	0	0	0	0	0.0
0.038366035347387896	0	809666	0	0	0	0	0	0	0	0	0	0	0	0	0	0.0
0.03821997176103997	0	808064	0	0	0	0	0	0	0	0	0	0	0	0	0	0.0
0.038025220312576075	0	805920	0	0	0	0	0	0	0	0	0	0	0	0	0	0.0
0.03768440527776425	0	802154	0	0	0	0	0	0	0	0	0	0	0	0	0	0.0
0.037587029553532304	0	801074	0	0	0	0	0	0	0	0	0	0	0	0	0	0.0
0.03729490238083646	0	797822	0	0	0	0	0	0	0	0	0	0	0	0	0	0.0
0.03710015093237256	0	795646	0	0	0	0	0	0	0	0	0	0	0	0	0	0.0
0.03690539948390866	0	793462	0	0	0	0	0	0	0	0	0	0	0	0	0	0.0
0.036613272311212815	0	790174	0	0	0	0	0	0	0	0	0	0	0	0	0	0.0
0.03641852086274892	0	787974	0	0	0	0	0	0	0	0	0	0	0	0	0	0.0
0.03622376941428502	0	785766	0	0	0	0	0	0	0	0	0	0	0	0	0	0.0
0.035980330103705147	0	782996	0	0	0	0	0	0	0	0	0	0	0	0	0	0.0
0.035736890793125274	0	780216	0	0	0	0	0	0	0	0	0	0	0	0	0	0.0
0.03539607575831345	0	776310	0	0	0	0	0	0	0	0	0	0	0	0	0	0.0
0.035201324309849555	0	774070	0	0	0	0	0	0	0	0	0	0	0	0	0	0.0
0.03495788499926968	0	771260	0	0	0	0	0	0	0	0	0	0	0	0	0	0.0
0.03481182141292176	0	769568	0	0	0	0	0	0	0	0	0	0	0	0	0	0.0
0.03451969424022591	0	766172	0	0	0	0	0	0	0	0	0	0	0	0	0	0.0
0.034324942791762014	0	763900	0	0	0	0	0	0	0	0	0	0	0	0	0	0.0
0.03408150348118214	0	761050	0	0	0	0	0	0	0	0	0	0	0	0	0	0.0
0.03398412775695019	0	759906	0	0	0	0	0	0	0	0	0	0	0	0	0	0.0
0.033886752032718244	0	758758	0	0	0	0	0	0	0	0	0	0	0	0	0	0.0
0.03374068844637032	0	757030	0	0	0	0	0	0	0	0	0	0	0	0	0	0.0
0.03349724913579045	0	754140	0	0	0	0	0	0	0	0	0	0	0	0	0	0.0
0.03330249768732655	0	751820	0	0	0	0	0	0	0	0	0	0	0	0	0	0.0
0.03315643410097863	0	750074	0	0	0	0	0	0	0	0	0	0	0	0	0	0.0
0.03305905837674668	0	748906	0	0	0	0	0	0	0	0	0	0	0	0	0	0.0
0.032815619066166805	0	745976	0	0	0	0	0	0	0	0	0	0	0	0	0	0.0
0.03252349189347096	0	742448	0	0	0	0	0	0	0	0	0	0	0	0	0	0.0
0.03232874044500706	0	740088	0	0	0	0	0	0	0	0	0	0	0	0	0	0.0
0.032280052582891086	0	739496	0	0	0	0	0	0	0	0	0	0	0	0	0	0.0
0.03223136472077511	0	738902	0	0	0	0	0	0	0	0	0	0	0	0	0	0.0
0.032036613272311214	0	736518	0	0	0	0	0	0	0	0	0	0	0	0	0	0.0
0.031841861823847316	0	734126	0	0	0	0	0	0	0	0	0	0	0	0	0	0.0
0.03179317396173134	0	733526	0	0	0	0	0	0	0	0	0	0	0	0	0	0.0
0.03159842251326744	0	731118	0	0	0	0	0	0	0	0	0	0	0	0	0	0.0
0.0313062953405716	0	727494	0	0	0	0	0	0	0	0	0	0	0	0	0	0.0
0.031160231754223673	0	725676	0	0	0	0	0	0	0	0	0	0	0	0	0	0.0
0.031062856029991724	0	724460	0	0	0	0	0	0	0	0	0	0	0	0	0	0.0
0.03101416816787575	0	723850	0	0	0	0	0	0	0	0	0	0	0	0	0	0.0
0.030819416719411852	0	721402	0	0	0	0	0	0	0	0	0	0	0	0	0	0.0
0.030722040995179903	0	720174	0	0	0	0	0	0	0	0	0	0	0	0	0	0.0
0.030624665270947954	0	718942	0	0	0	0	0	0	0	0	0	0	0	0	0	0.0
0.030429913822484056	0	716470	0	0	0	0	0	0	0	0	0	0	0	0	0	0.0
0.030235162374020158	0	713990	0	0	0	0	0	0	0	0	0	0	0	0	0	0.0
0.03013778664978821	0	712746	0	0	0	0	0	0	0	0	0	0	0	0	0	0.0
0.030089098787672235	0	712122	0	0	0	0	0	0	0	0	0	0	0	0	0	0.0
0.02994303520132431	0	710244	0	0	0	0	0	0	0	0	0	0	0	0	0	0.0
0.029748283752860413	0	707732	0	0	0	0	0	0	0	0	0	0	0	0	0	0.0
0.029456156580164566	0	703952	0	0	0	0	0	0	0	0	0	0	0	0	0	0.0
0.029407468718048592	0	703320	0	0	0	0	0	0	0	0	0	0	0	0	0	0.0
0.029212717269584694	0	700784	0	0	0	0	0	0	0	0	0	0	0	0	0	0.0
0.028920590096888847	0	696968	0	0	0	0	0	0	0	0	0	0	0	0	0	0.0
0.028823214372656898	0	695692	0	0	0	0	0	0	0	0	0	0	0	0	0	0.0
0.02872583864842495	0	694412	0	0	0	0	0	0	0	0	0	0	0	0	0	0.0
0.02853108719996105	0	691844	0	0	0	0	0	0	0	0	0	0	0	0	0	0.0
0.02828764788938118	0	688624	0	0	0	0	0	0	0	0	0	0	0	0	0	0.0
0.028238960027265204	0	687978	0	0	0	0	0	0	0	0	0	0	0	0	0	0.0
0.02819027216514923	0	687330	0	0	0	0	0	0	0	0	0	0	0	0	0	0.0
0.02809289644091728	0	686030	0	0	0	0	0	0	0	0	0	0	0	0	0	0.0
0.027995520716685332	0	684726	0	0	0	0	0	0	0	0	0	0	0	0	0	0.0
0.027946832854569358	0	684072	0	0	0	0	0	0	0	0	0	0	0	0	0	0.0
0.027654705681873507	0	680136	0	0	0	0	0	0	0	0	0	0	0	0	0	0.0
0.027606017819757533	0	679478	0	0	0	0	0	0	0	0	0	0	0	0	0	0.0
0.02736257850917766	0	676178	0	0	0	0	0	0	0	0	0	0	0	0	0	0.0
0.027313890647061686	0	675516	0	0	0	0	0	0	0	0	0	0	0	0	0	0.0
0.027070451336481813	0	672196	0	0	0	0	0	0	0	0	0	0	0	0	0	0.0
0.02692438775013389	0	670198	0	0	0	0	0	0	0	0	0	0	0	0	0	0.0
0.026778324163785967	0	668194	0	0	0	0	0	0	0	0	0	0	0	0	0	0.0
0.026632260577438043	0	666184	0	0	0	0	0	0	0	0	0	0	0	0	0	0.0
0.026437509128974145	0	663496	0	0	0	0	0	0	0	0	0	0	0	0	0	0.0
0.026242757680510247	0	660800	0	0	0	0	0	0	0	0	0	0	0	0	0	0.0
0.026194069818394273	0	660124	0	0	0	0	0	0	0	0	0	0	0	0	0	0.0
0.02604800623204635	0	658090	0	0	0	0	0	0	0	0	0	0	0	0	0	0.0
0.0259506305078144	0	656730	0	0	0	0	0	0	0	0	0	0	0	0	0	0.0
0.025658503335118554	0	652638	0	0	0	0	0	0	0	0	0	0	0	0	0	0.0
0.025561127610886605	0	651266	0	0	0	0	0	0	0	0	0	0	0	0	0	0.0
0.025366376162422707	0	648514	0	0	0	0	0	0	0	0	0	0	0	0	0	0.0
0.025122936851842834	0	645064	0	0	0	0	0	0	0	0	0	0	0	0	0	0.0
0.02507424898972686	0	644372	0	0	0	0	0	0	0	0	0	0	0	0	0	0.0
0.024830809679146987	0	640902	0	0	0	0	0	0	0	0	0	0	0	0	0	0.0
0.024782121817031013	0	640206	0	0	0	0	0	0	0	0	0	0	0	0	0	0.0
0.02473343395491504	0	639508	0	0	0	0	0	0	0	0	0	0	0	0	0	0.0
0.024684746092799064	0	638808	0	0	0	0	0	0	0	0	0	0	0	0	0	0.0
0.024587370368567115	0	637404	0	0	0	0	0	0	0	0	0	0	0	0	0	0.0
0.024392618920103217	0	634588	0	0	0	0	0	0	0	0	0	0	0	0	0	0.0
0.024343931057987243	0	633882	0	0	0	0	0	0	0	0	0	0	0	0	0	0.0
0.02419786747163932	0	631758	0	0	0	0	0	0	0	0	0	0	0	0	0	0.0
0.024051803885291396	0	629622	0	0	0	0	0	0	0	0	0	0	0	0	0	0.0
0.023710988850479574	0	624624	0	0	0	0	0	0	0	0	0	0	0	0	0	0.0
0.0236623009883636	0	623908	0	0	0	0	0	0	0	0	0	0	0	0	0	0.0
0.023516237402015677	0	621748	0	0	0	0	0	0	0	0	0	0	0	0	0	0.0
0.023370173815667753	0	619576	0	0	0	0	0	0	0	0	0	0	0	0	0	0.0
0.023175422367203855	0	616664	0	0	0	0	0	0	0	0	0	0	0	0	0	0.0
0.023078046642971906	0	615204	0	0	0	0	0	0	0	0	0	0	0	0	0	0.0
0.022834607332392034	0	611544	0	0	0	0	0	0	0	0	0	0	0	0	0	0.0
0.022639855883928136	0	608608	0	0	0	0	0	0	0	0	0	0	0	0	0	0.0
0.022542480159696187	0	607136	0	0	0	0	0	0	0	0	0	0	0	0	0	0.0
0.022396416573348264	0	604922	0	0	0	0	0	0	0	0	0	0	0	0	0	0.0
0.02234772871123229	0	604182	0	0	0	0	0	0	0	0	0	0	0	0	0	0.0
0.022201665124884366	0	601956	0	0	0	0	0	0	0	0	0	0	0	0	0	0.0
0.02215297726276839	0	601212	0	0	0	0	0	0	0	0	0	0	0	0	0	0.0
0.022104289400652417	0	600466	0	0	0	0	0	0	0	0	0	0	0	0	0	0.0
0.02190953795218852	0	597474	0	0	0	0	0	0	0	0	0	0	0	0	0	0.0
0.021860850090072544	0	596724	0	0	0	0	0	0	0	0	0	0	0	0	0	0.0
0.02181216222795657	0	595972	0	0	0	0	0	0	0	0	0	0	0	0	0	0.0
0.02171478650372462	0	594464	0	0	0	0	0	0	0	0	0	0	0	0	0	0.0
0.021617410779492672	0	592952	0	0	0	0	0	0	0	0	0	0	0	0	0	0.0
0.02147134719314475	0	590678	0	0	0	0	0	0	0	0	0	0	0	0	0	0.0
0.021325283606796825	0	588398	0	0	0	0	0	0	0	0	0	0	0	0	0	0.0
0.02127659574468085	0	587636	0	0	0	0	0	0	0	0	0	0	0	0	0	0.0
0.021130532158332927	0	585344	0	0	0	0	0	0	0	0	0	0	0	0	0	0.0
0.021033156434100978	0	583812	0	0	0	0	0	0	0	0	0	0	0	0	0	0.0
0.020887092847753055	0	581502	0	0	0	0	0	0	0	0	0	0	0	0	0	0.0
0.020789717123521106	0	579958	0	0	0	0	0	0	0	0	0	0	0	0	0	0.0
0.020643653537173182	0	577630	0	0	0	0	0	0	0	0	0	0	0	0	0	0.0
0.020546277812941233	0	576070	0	0	0	0	0	0	0	0	0	0	0	0	0	0.0
0.02040021422659331	0	573724	0	0	0	0	0	0	0	0	0	0	0	0	0	0.0
0.02030283850236136	0	572156	0	0	0	0	0	0	0	0	0	0	0	0	0	0.0
0.020108087053897463	0	569004	0	0	0	0	0	0	0	0	0	0	0	0	0	0.0
0.01996202346754954	0	566634	0	0	0	0	0	0	0	0	0	0	0	0	0	0.0
0.019815959881201616	0	564258	0	0	0	0	0	0	0	0	0	0	0	0	0	0.0
0.01976727201908564	0	563464	0	0	0	0	0	0	0	0	0	0	0	0	0	0.0
0.019718584156969667	0	562668	0	0	0	0	0	0	0	0	0	0	0	0	0	0.0
0.01952383270850577	0	559476	0	0	0	0	0	0	0	0	0	0	0	0	0	0.0
0.01942645698427382	0	557876	0	0	0	0	0	0	0	0	0	0	0	0	0	0.0
0.019280393397925897	0	555470	0	0	0	0	0	0	0	0	0	0	0	0	0	0.0
0.019134329811577973	0	553058	0	0	0	0	0	0	0	0	0	0	0	0	0	0.0
0.019036954087346025	0	551446	0	0	0	0	0	0	0	0	0	0	0	0	0	0.0
0.018939578363114076	0	549830	0	0	0	0	0	0	0	0	0	0	0	0	0	0.0
0.0188908905009981	0	549020	0	0	0	0	0	0	0	0	0	0	0	0	0	0.0
0.018842202638882127	0	548208	0	0	0	0	0	0	0	0	0	0	0	0	0	0.0
0.018696139052534203	0	545760	0	0	0	0	0	0	0	0	0	0	0	0	0	0.0
0.018501387604070305	0	542488	0	0	0	0	0	0	0	0	0	0	0	0	0	0.0
0.018306636155606407	0	539208	0	0	0	0	0	0	0	0	0	0	0	0	0	0.0
0.018160572569258484	0	536742	0	0	0	0	0	0	0	0	0	0	0	0	0	0.0
0.01801450898291056	0	534264	0	0	0	0	0	0	0	0	0	0	0	0	0	0.0
0.017868445396562637	0	531774	0	0	0	0	0	0	0	0	0	0	0	0	0	0.0
0.017771069672330688	0	530106	0	0	0	0	0	0	0	0	0	0	0	0	0	0.0
0.017722381810214714	0	529268	0	0	0	0	0	0	0	0	0	0	0	0	0	0.0
0.017625006085982765	0	527588	0	0	0	0	0	0	0	0	0	0	0	0	0	0.0
0.01747894249963484	0	525062	0	0	0	0	0	0	0	0	0	0	0	0	0	0.0
0.017430254637518867	0	524218	0	0	0	0	0	0	0	0	0	0	0	0	0	0.0
0.017381566775402892	0	523372	0	0	0	0	0	0	0	0	0	0	0	0	0	0.0
0.017332878913286918	0	522524	0	0	0	0	0	0	0	0	0	0	0	0	0	0.0
0.01723550318905497	0	520824	0	0	0	0	0	0	0	0	0	0	0	0	0	0.0
0.01713812746482302	0	519112	0	0	0	0	0	0	0	0	0	0	0	0	0	0.0
0.01704075174059107	0	517396	0	0	0	0	0	0	0	0	0	0	0	0	0	0.0
0.016894688154243147	0	514810	0	0	0	0	0	0	0	0	0	0	0	0	0	0.0
0.0167973124300112	0	513082	0	0	0	0	0	0	0	0	0	0	0	0	0	0.0
0.016651248843663275	0	510484	0	0	0	0	0	0	0	0	0	0	0	0	0	0.0
0.0166025609815473	0	509616	0	0	0	0	0	0	0	0	0	0	0	0	0	0.0
0.016553873119431326	0	508746	0	0	0	0	0	0	0	0	0	0	0	0	0	0.0
0.016310433808851454	0	504386	0	0	0	0	0	0	0	0	0	0	0	0	0	0.0
0.016213058084619505	0	502638	0	0	0	0	0	0	0	0	0	0	0	0	0	0.0
0.016115682360387556	0	500882	0	0	0	0	0	0	0	0	0	0	0	0	0	0.0
0.016018306636155607	0	499122	0	0	0	0	0	0	0	0	0	0	0	0	0	0.0
0.015920930911923658	0	497358	0	0	0	0	0	0	0	0	0	0	0	0	0	0.0
0.015872243049807683	0	496474	0	0	0	0	0	0	0	0	0	0	0	0	0	0.0
0.015774867325575734	0	494702	0	0	0	0	0	0	0	0	0	0	0	0	0	0.0
0.01562880373922781	0	492032	0	0	0	0	0	0	0	0	0	0	0	0	0	0.0
0.015580115877111837	0	491138	0	0	0	0	0	0	0	0	0	0	0	0	0	0.0
0.015482740152879888	0	489342	0	0	0	0	0	0	0	0	0	0	0	0	0	0.0
0.015434052290763913	0	488442	0	0	0	0	0	0	0	0	0	0	0	0	0	0.0
0.015385364428647939	0	487538	0	0	0	0	0	0	0	0	0	0	0	0	0	0.0
0.01528798870441599	0	485726	0	0	0	0	0	0	0	0	0	0	0	0	0	0.0
0.01519061298018404	0	483906	0	0	0	0	0	0	0	0	0	0	0	0	0	0.0
0.015093237255952092	0	482078	0	0	0	0	0	0	0	0	0	0	0	0	0	0.0
0.014947173669604168	0	479330	0	0	0	0	0	0	0	0	0	0	0	0	0	0.0
0.014801110083256245	0	476570	0	0	0	0	0	0	0	0	0	0	0	0	0	0.0
0.014655046496908321	0	473804	0	0	0	0	0	0	0	0	0	0	0	0	0	0.0
0.014606358634792347	0	472880	0	0	0	0	0	0	0	0	0	0	0	0	0	0.0
0.014460295048444424	0	470102	0	0	0	0	0	0	0	0	0	0	0	0	0	0.0
0.014362919324212475	0	468242	0	0	0	0	0	0	0	0	0	0	0	0	0	0.0
0.0143142314620965	0	467310	0	0	0	0	0	0	0	0	0	0	0	0	0	0.0
0.014265543599980526	0	466376	0	0	0	0	0	0	0	0	0	0	0	0	0	0.0
0.014216855737864551	0	465440	0	0	0	0	0	0	0	0	0	0	0	0	0	0.0
0.014070792151516628	0	462626	0	0	0	0	0	0	0	0	0	0	0	0	0	0.0
0.014022104289400653	0	461686	0	0	0	0	0	0	0	0	0	0	0	0	0	0.0
0.013876040703052728	0	458860	0	0	0	0	0	0	0	0	0	0	0	0	0	0.0
0.013827352840936754	0	457916	0	0	0	0	0	0	0	0	0	0	0	0	0	0.0
0.01368128925458883	0	455078	0	0	0	0	0	0	0	0	0	0	0	0	0	0.0
0.013583913530356881	0	453174	0	0	0	0	0	0	0	0	0	0	0	0	0	0.0
0.013486537806124932	0	451250	0	0	0	0	0	0	0	0	0	0	0	0	0	0.0
0.013389162081892983	0	449322	0	0	0	0	0	0	0	0	0	0	0	0	0	0.0
0.01324309849554506	0	446424	0	0	0	0	0	0	0	0	0	0	0	0	0	0.0
0.013194410633429085	0	445456	0	0	0	0	0	0	0	0	0	0	0	0	0	0.0
0.013145722771313111	0	444484	0	0	0	0	0	0	0	0	0	0	0	0	0	0.0
0.012999659184965187	0	441562	0	0	0	0	0	0	0	0	0	0	0	0	0	0.0
0.012950971322849213	0	440586	0	0	0	0	0	0	0	0	0	0	0	0	0	0.0
0.012853595598617264	0	438630	0	0	0	0	0	0	0	0	0	0	0	0	0	0.0
0.01280490773650129	0	437650	0	0	0	0	0	0	0	0	0	0	0	0	0	0.0
0.012756219874385315	0	436668	0	0	0	0	0	0	0	0	0	0	0	0	0	0.0
0.012610156288037392	0	433716	0	0	0	0	0	0	0	0	0	0	0	0	0	0.0
0.012561468425921417	0	432730	0	0	0	0	0	0	0	0	0	0	0	0	0	0.0
0.012512780563805443	0	431742	0	0	0	0	0	0	0	0	0	0	0	0	0	0.0
0.012464092701689468	0	430752	0	0	0	0	0	0	0	0	0	0	0	0	0	0.0
0.012415404839573494	0	429760	0	0	0	0	0	0	0	0	0	0	0	0	0	0.0
0.01236671697745752	0	428764	0	0	0	0	0	0	0	0	0	0	0	0	0	0.0
0.01226934125322557	0	426768	0	0	0	0	0	0	0	0	0	0	0	0	0	0.0
0.012171965528993621	0	424768	0	0	0	0	0	0	0	0	0	0	0	0	0	0.0
0.012123277666877647	0	423766	0	0	0	0	0	0	0	0	0	0	0	0	0	0.0
0.012074589804761672	0	422762	0	0	0	0	0	0	0	0	0	0	0	0	0	0.0
0.011977214080529723	0	420742	0	0	0	0	0	0	0	0	0	0	0	0	0	0.0
0.011782462632065826	0	416686	0	0	0	0	0	0	0	0	0	0	0	0	0	0.0
0.011636399045717902	0	413632	0	0	0	0	0	0	0	0	0	0	0	0	0	0.0
0.011490335459369979	0	410572	0	0	0	0	0	0	0	0	0	0	0	0	0	0.0
0.01139295973513803	0	408528	0	0	0	0	0	0	0	0	0	0	0	0	0	0.0
0.011344271873022055	0	407502	0	0	0	0	0	0	0	0	0	0	0	0	0	0.0
0.01129558401090608	0	406474	0	0	0	0	0	0	0	0	0	0	0	0	0	0.0
0.011246896148790106	0	405442	0	0	0	0	0	0	0	0	0	0	0	0	0	0.0
0.011198208286674132	0	404404	0	0	0	0	0	0	0	0	0	0	0	0	0	0.0
0.011149520424558157	0	403364	0	0	0	0	0	0	0	0	0	0	0	0	0	0.0
0.011052144700326208	0	401280	0	0	0	0	0	0	0	0	0	0	0	0	0	0.0
0.011003456838210234	0	400226	0	0	0	0	0	0	0	0	0	0	0	0	0	0.0
0.01095476897609426	0	399170	0	0	0	0	0	0	0	0	0	0	0	0	0	0.0
0.01085739325186231	0	397046	0	0	0	0	0	0	0	0	0	0	0	0	0	0.0
0.010808705389746336	0	395982	0	0	0	0	0	0	0	0	0	0	0	0	0	0.0
0.010711329665514387	0	393850	0	0	0	0	0	0	0	0	0	0	0	0	0	0.0
0.010662641803398413	0	392782	0	0	0	0	0	0	0	0	0	0	0	0	0	0.0
0.010516578217050489	0	389566	0	0	0	0	0	0	0	0	0	0	0	0	0	0.0
0.010467890354934515	0	388492	0	0	0	0	0	0	0	0	0	0	0	0	0	0.0
0.010370514630702566	0	386340	0	0	0	0	0	0	0	0	0	0	0	0	0	0.0
0.010321826768586591	0	385250	0	0	0	0	0	0	0	0	0	0	0	0	0	0.0
0.010224451044354642	0	383054	0	0	0	0	0	0	0	0	0	0	0	0	0	0.0
0.010127075320122693	0	380854	0	0	0	0	0	0	0	0	0	0	0	0	0	0.0
0.010029699595890744	0	378626	0	0	0	0	0	0	0	0	0	0	0	0	0	0.0
0.009932323871658795	0	376394	0	0	0	0	0	0	0	0	0	0	0	0	0	0.0
0.009834948147426846	0	374158	0	0	0	0	0	0	0	0	0	0	0	0	0	0.0
0.009688884561078923	0	370786	0	0	0	0	0	0	0	0	0	0	0	0	0	0.0
0.009640196698962948	0	369650	0	0	0	0	0	0	0	0	0	0	0	0	0	0.0
0.009542820974731	0	367362	0	0	0	0	0	0	0	0	0	0	0	0	0	0.0
0.00944544525049905	0	365066	0	0	0	0	0	0	0	0	0	0	0	0	0	0.0
0.009348069526267102	0	362766	0	0	0	0	0	0	0	0	0	0	0	0	0	0.0
0.009299381664151127	0	361612	0	0	0	0	0	0	0	0	0	0	0	0	0	0.0
0.009250693802035153	0	360456	0	0	0	0	0	0	0	0	0	0	0	0	0	0.0
0.00910463021568723	0	356982	0	0	0	0	0	0	0	0	0	0	0	0	0	0.0
0.009055942353571255	0	355818	0	0	0	0	0	0	0	0	0	0	0	0	0	0.0
0.008958566629339306	0	353486	0	0	0	0	0	0	0	0	0	0	0	0	0	0.0
0.008909878767223331	0	352310	0	0	0	0	0	0	0	0	0	0	0	0	0	0.0
0.008861190905107357	0	351132	0	0	0	0	0	0	0	0	0	0	0	0	0	0.0
0.008715127318759433	0	347550	0	0	0	0	0	0	0	0	0	0	0	0	0	0.0
0.008666439456643459	0	346344	0	0	0	0	0	0	0	0	0	0	0	0	0	0.0
0.008617751594527484	0	345134	0	0	0	0	0	0	0	0	0	0	0	0	0	0.0
0.00856906373241151	0	343922	0	0	0	0	0	0	0	0	0	0	0	0	0	0.0
0.008520375870295535	0	342696	0	0	0	0	0	0	0	0	0	0	0	0	0	0.0
0.008471688008179561	0	341468	0	0	0	0	0	0	0	0	0	0	0	0	0	0.0
0.008423000146063587	0	340238	0	0	0	0	0	0	0	0	0	0	0	0	0	0.0
0.008325624421831638	0	337762	0	0	0	0	0	0	0	0	0	0	0	0	0	0.0
0.008228248697599689	0	335278	0	0	0	0	0	0	0	0	0	0	0	0	0	0.0
0.008179560835483714	0	334020	0	0	0	0	0	0	0	0	0	0	0	0	0	0.0
0.00813087297336774	0	332760	0	0	0	0	0	0	0	0	0	0	0	0	0	0.0
0.008082185111251765	0	331494	0	0	0	0	0	0	0	0	0	0	0	0	0	0.0
0.00803349724913579	0	330224	0	0	0	0	0	0	0	0	0	0	0	0	0	0.0
0.007984809387019816	0	328948	0	0	0	0	0	0	0	0	0	0	0	0	0	0.0
0.007936121524903842	0	327660	0	0	0	0	0	0	0	0	0	0	0	0	0	0.0
0.007887433662787867	0	326364	0	0	0	0	0	0	0	0	0	0	0	0	0	0.0
0.007838745800671893	0	325064	0	0	0	0	0	0	0	0	0	0	0	0	0	0.0
0.007790057938555918	0	323756	0	0	0	0	0	0	0	0	0	0	0	0	0	0.0
0.007741370076439944	0	322444	0	0	0	0	0	0	0	0	0	0	0	0	0	0.0
0.007692682214323969	0	321120	0	0	0	0	0	0	0	0	0	0	0	0	0	0.0
0.007643994352207995	0	319788	0	0	0	0	0	0	0	0	0	0	0	0	0	0.0
0.00759530649009202	0	318454	0	0	0	0	0	0	0	0	0	0	0	0	0	0.0
0.007546618627976046	0	317104	0	0	0	0	0	0	0	0	0	0	0	0	0	0.0
0.007497930765860071	0	315746	0	0	0	0	0	0	0	0	0	0	0	0	0	0.0
0.007449242903744097	0	314376	0	0	0	0	0	0	0	0	0	0	0	0	0	0.0
0.007351867179512148	0	311628	0	0	0	0	0	0	0	0	0	0	0	0	0	0.0
0.0073031793173961735	0	310250	0	0	0	0	0	0	0	0	0	0	0	0	0	0.0
0.0072058035931642245	0	307470	0	0	0	0	0	0	0	0	0	0	0	0	0	0.0
0.007059740006816301	0	303288	0	0	0	0	0	0	0	0	0	0	0	0	0	0.0
0.007011052144700327	0	301892	0	0	0	0	0	0	0	0	0	0	0	0	0	0.0
0.006962364282584352	0	300490	0	0	0	0	0	0	0	0	0	0	0	0	0	0.0
0.006913676420468377	0	299082	0	0	0	0	0	0	0	0	0	0	0	0	0	0.0
0.006864988558352402	0	297670	0	0	0	0	0	0	0	0	0	0	0	0	0	0.0
0.006816300696236428	0	296250	0	0	0	0	0	0	0	0	0	0	0	0	0	0.0
0.006767612834120453	0	294826	0	0	0	0	0	0	0	0	0	0	0	0	0	0.0
0.006670237109888504	0	291966	0	0	0	0	0	0	0	0	0	0	0	0	0	0.0
0.00662154924777253	0	290532	0	0	0	0	0	0	0	0	0	0	0	0	0	0.0
0.006524173523540581	0	287620	0	0	0	0	0	0	0	0	0	0	0	0	0	0.0
0.0064754856614246065	0	286162	0	0	0	0	0	0	0	0	0	0	0	0	0	0.0
0.006426797799308632	0	284694	0	0	0	0	0	0	0	0	0	0	0	0	0	0.0
0.006280734212960709	0	280266	0	0	0	0	0	0	0	0	0	0	0	0	0	0.0
0.006232046350844734	0	278788	0	0	0	0	0	0	0	0	0	0	0	0	0	0.0
0.00618335848872876	0	277306	0	0	0	0	0	0	0	0	0	0	0	0	0	0.0
0.006134670626612785	0	275822	0	0	0	0	0	0	0	0	0	0	0	0	0	0.0
0.006085982764496811	0	274336	0	0	0	0	0	0	0	0	0	0	0	0	0	0.0
0.006037294902380836	0	272848	0	0	0	0	0	0	0	0	0	0	0	0	0	0.0
0.005988607040264862	0	271350	0	0	0	0	0	0	0	0	0	0	0	0	0	0.0
0.005939919178148887	0	269850	0	0	0	0	0	0	0	0	0	0	0	0	0	0.0
0.005842543453916938	0	266842	0	0	0	0	0	0	0	0	0	0	0	0	0	0.0
0.005745167729684989	0	263830	0	0	0	0	0	0	0	0	0	0	0	0	0	0.0
0.005696479867569015	0	262322	0	0	0	0	0	0	0	0	0	0	0	0	0	0.0
0.00564779200545304	0	260810	0	0	0	0	0	0	0	0	0	0	0	0	0	0.0
0.005599104143337066	0	259296	0	0	0	0	0	0	0	0	0	0	0	0	0	0.0
0.005550416281221091	0	257780	0	0	0	0	0	0	0	0	0	0	0	0	0	0.0
0.005501728419105117	0	256250	0	0	0	0	0	0	0	0	0	0	0	0	0	0.0
0.005404352694873168	0	253186	0	0	0	0	0	0	0	0	0	0	0	0	0	0.0
0.005306976970641219	0	250110	0	0	0	0	0	0	0	0	0	0	0	0	0	0.0
0.0052582891085252445	0	248544	0	0	0	0	0	0	0	0	0	0	0	0	0	0.0
0.00520960124640927	0	246976	0	0	0	0	0	0	0	0	0	0	0	0	0	0.0
0.005160913384293296	0	245404	0	0	0	0	0	0	0	0	0	0	0	0	0	0.0
0.005112225522177321	0	243822	0	0	0	0	0	0	0	0	0	0	0	0	0	0.0
0.005063537660061347	0	242236	0	0	0	0	0	0	0	0	0	0	0	0	0	0.0
0.005014849797945372	0	240638	0	0	0	0	0	0	0	0	0	0	0	0	0	0.0
0.004966161935829398	0	239038	0	0	0	0	0	0	0	0	0	0	0	0	0	0.0
0.004917474073713423	0	237428	0	0	0	0	0	0	0	0	0	0	0	0	0	0.0
0.004868786211597449	0	235814	0	0	0	0	0	0	0	0	0	0	0	0	0	0.0
0.004820098349481474	0	234196	0	0	0	0	0	0	0	0	0	0	0	0	0	0.0
0.0047714104873655	0	232576	0	0	0	0	0	0	0	0	0	0	0	0	0	0.0
0.004722722625249525	0	230928	0	0	0	0	0	0	0	0	0	0	0	0	0	0.0
0.004674034763133551	0	229276	0	0	0	0	0	0	0	0	0	0	0	0	0	0.0
0.004625346901017576	0	227608	0	0	0	0	0	0	0	0	0	0	0	0	0	0.0
0.004576659038901602	0	225938	0	0	0	0	0	0	0	0	0	0	0	0	0	0.0
0.004527971176785627	0	224256	0	0	0	0	0	0	0	0	0	0	0	0	0	0.0
0.004479283314669653	0	222572	0	0	0	0	0	0	0	0	0	0	0	0	0	0.0
0.004430595452553678	0	220886	0	0	0	0	0	0	0	0	0	0	0	0	0	0.0
0.004381907590437704	0	219196	0	0	0	0	0	0	0	0	0	0	0	0	0	0.0
0.0043332197283217294	0	217502	0	0	0	0	0	0	0	0	0	0	0	0	0	0.0
0.004284531866205755	0	215806	0	0	0	0	0	0	0	0	0	0	0	0	0	0.0
0.0042358440040897805	0	214106	0	0	0	0	0	0	0	0	0	0	0	0	0	0.0
0.004187156141973806	0	212394	0	0	0	0	0	0	0	0	0	0	0	0	0	0.0
0.004089780417741857	0	208962	0	0	0	0	0	0	0	0	0	0	0	0	0	0.0
0.003992404693509908	0	205526	0	0	0	0	0	0	0	0	0	0	0	0	0	0.0
0.003943716831393934	0	203804	0	0	0	0	0	0	0	0	0	0	0	0	0	0.0
0.003895028969277959	0	202080	0	0	0	0	0	0	0	0	0	0	0	0	0	0.0
0.0038463411071619847	0	200354	0	0	0	0	0	0	0	0	0	0	0	0	0	0.0
0.00379765324504601	0	198620	0	0	0	0	0	0	0	0	0	0	0	0	0	0.0
0.0037489653829300357	0	196854	0	0	0	0	0	0	0	0	0	0	0	0	0	0.0
0.0037002775208140612	0	195084	0	0	0	0	0	0	0	0	0	0	0	0	0	0.0
0.0036515896586980868	0	193310	0	0	0	0	0	0	0	0	0	0	0	0	0	0.0
0.003554213934466138	0	189746	0	0	0	0	0	0	0	0	0	0	0	0	0	0.0
0.0035055260723501633	0	187962	0	0	0	0	0	0	0	0	0	0	0	0	0	0.0
0.0034568382102341884	0	186170	0	0	0	0	0	0	0	0	0	0	0	0	0	0.0
0.003408150348118214	0	184370	0	0	0	0	0	0	0	0	0	0	0	0	0	0.0
0.0033594624860022394	0	182546	0	0	0	0	0	0	0	0	0	0	0	0	0	0.0
0.003310774623886265	0	180720	0	0	0	0	0	0	0	0	0	0	0	0	0	0.0
0.0032620867617702905	0	178888	0	0	0	0	0	0	0	0	0	0	0	0	0	0.0
0.003213398899654316	0	177032	0	0	0	0	0	0	0	0	0	0	0	0	0	0.0
0.0031647110375383415	0	175168	0	0	0	0	0	0	0	0	0	0	0	0	0	0.0
0.003116023175422367	0	173294	0	0	0	0	0	0	0	0	0	0	0	0	0	0.0
0.0030673353133063926	0	171400	0	0	0	0	0	0	0	0	0	0	0	0	0	0.0
0.003018647451190418	0	169504	0	0	0	0	0	0	0	0	0	0	0	0	0	0.0
0.0029699595890744436	0	167606	0	0	0	0	0	0	0	0	0	0	0	0	0	0.0
0.0028725838648424947	0	163806	0	0	0	0	0	0	0	0	0	0	0	0	0	0.0
0.00282389600272652	0	161904	0	0	0	0	0	0	0	0	0	0	0	0	0	0.0
0.0027752081406105457	0	159980	0	0	0	0	0	0	0	0	0	0	0	0	0	0.0
0.0026778324163785967	0	156100	0	0	0	0	0	0	0	0	0	0	0	0	0	0.0
0.0026291445542626223	0	154154	0	0	0	0	0	0	0	0	0	0	0	0	0	0.0
0.002580456692146648	0	152192	0	0	0	0	0	0	0	0	0	0	0	0	0	0.0
0.0025317688300306733	0	150214	0	0	0	0	0	0	0	0	0	0	0	0	0	0.0
0.002483080967914699	0	148226	0	0	0	0	0	0	0	0	0	0	0	0	0	0.0
0.0024343931057987244	0	146228	0	0	0	0	0	0	0	0	0	0	0	0	0	0.0
0.00238570524368275	0	144214	0	0	0	0	0	0	0	0	0	0	0	0	0	0.0
0.0023370173815667754	0	142180	0	0	0	0	0	0	0	0	0	0	0	0	0	0.0
0.0022396416573348264	0	138088	0	0	0	0	0	0	0	0	0	0	0	0	0	0.0
0.002190953795218852	0	136038	0	0	0	0	0	0	0	0	0	0	0	0	0	0.0
0.0021422659331028775	0	133980	0	0	0	0	0	0	0	0	0	0	0	0	0	0.0
0.002093578070986903	0	131914	0	0	0	0	0	0	0	0	0	0	0	0	0	0.0
0.0020448902088709285	0	129842	0	0	0	0	0	0	0	0	0	0	0	0	0	0.0
0.0019475144846389796	0	125654	0	0	0	0	0	0	0	0	0	0	0	0	0	0.0
0.001898826622523005	0	123558	0	0	0	0	0	0	0	0	0	0	0	0	0	0.0
0.0018501387604070306	0	121456	0	0	0	0	0	0	0	0	0	0	0	0	0	0.0
0.0018014508982910561	0	119332	0	0	0	0	0	0	0	0	0	0	0	0	0	0.0
0.0017527630361750817	0	117190	0	0	0	0	0	0	0	0	0	0	0	0	0	0.0
0.001704075174059107	0	115032	0	0	0	0	0	0	0	0	0	0	0	0	0	0.0
0.0016553873119431325	0	112866	0	0	0	0	0	0	0	0	0	0	0	0	0	0.0
0.001606699449827158	0	110666	0	0	0	0	0	0	0	0	0	0	0	0	0	0.0
0.0015580115877111835	0	108464	0	0	0	0	0	0	0	0	0	0	0	0	0	0.0
0.001509323725595209	0	106258	0	0	0	0	0	0	0	0	0	0	0	0	0	0.0
0.0014606358634792346	0	104046	0	0	0	0	0	0	0	0	0	0	0	0	0	0.0
0.00141194800136326	0	101828	0	0	0	0	0	0	0	0	0	0	0	0	0	0.0
0.0013632601392472856	0	99566	0	0	0	0	0	0	0	0	0	0	0	0	0	0.0
0.0013145722771313111	0	97292	0	0	0	0	0	0	0	0	0	0	0	0	0	0.0
0.0012658844150153367	0	94968	0	0	0	0	0	0	0	0	0	0	0	0	0	0.0
0.0012171965528993622	0	92624	0	0	0	0	0	0	0	0	0	0	0	0	0	0.0
0.0011685086907833877	0	90272	0	0	0	0	0	0	0	0	0	0	0	0	0	0.0
0.0011198208286674132	0	87910	0	0	0	0	0	0	0	0	0	0	0	0	0	0.0
0.0010711329665514387	0	85500	0	0	0	0	0	0	0	0	0	0	0	0	0	0.0
0.0010224451044354643	0	83084	0	0	0	0	0	0	0	0	0	0	0	0	0	0.0
9.737572423194898E-4	0	80650	0	0	0	0	0	0	0	0	0	0	0	0	0	0.0
9.250693802035153E-4	0	78208	0	0	0	0	0	0	0	0	0	0	0	0	0	0.0
8.763815180875408E-4	0	75762	0	0	0	0	0	0	0	0	0	0	0	0	0	0.0
8.276936559715662E-4	0	73314	0	0	0	0	0	0	0	0	0	0	0	0	0	0.0
7.790057938555918E-4	0	70830	0	0	0	0	0	0	0	0	0	0	0	0	0	0.0
7.303179317396173E-4	0	68342	0	0	0	0	0	0	0	0	0	0	0	0	0	0.0
6.816300696236428E-4	0	65668	0	0	0	0	0	0	0	0	0	0	0	0	0	0.0
6.329422075076683E-4	0	62900	0	0	0	0	0	0	0	0	0	0	0	0	0	0.0
5.842543453916938E-4	0	60118	0	0	0	0	0	0	0	0	0	0	0	0	0	0.0
5.355664832757194E-4	0	56858	0	0	0	0	0	0	0	0	0	0	0	0	0	0.0
4.868786211597449E-4	0	53582	0	0	0	0	0	0	0	0	0	0	0	0	0	0.0
4.381907590437704E-4	0	50198	0	0	0	0	0	0	0	0	0	0	0	0	0	0.0
3.895028969277959E-4	0	46616	0	0	0	0	0	0	0	0	0	0	0	0	0	0.0
3.408150348118214E-4	0	42772	0	0	0	0	0	0	0	0	0	0	0	0	0	0.0
2.921271726958469E-4	0	38672	0	0	0	0	0	0	0	0	0	0	0	0	0	0.0
2.4343931057987245E-4	0	33722	0	0	0	0	0	0	0	0	0	0	0	0	0	0.0
1.9475144846389794E-4	0	27786	0	0	0	0	0	0	0	0	0	0	0	0	0	0.0
1.4606358634792346E-4	0	21190	0	0	0	0	0	0	0	0	0	0	0	0	0	0.0
9.737572423194897E-5	0	14518	0	0	0	0	0	0	0	0	0	0	0	0	0	0.0
