Percent subgroups	3_GP_06_08_10_	4_GP_06_08_09_10_	2_GP_06_09_	2_GP_06_08_	1_GP_09_	1_GP_08_	2_GP_08_10_	3_GP_06_09_10_	2_GP_06_10_	3_GP_06_08_09_	1_GP_06_	2_GP_08_09_	1_GP_10_	3_GP_08_09_10_	2_GP_09_10_	OnePepPercent
1.0	204	7107	88	33	1134	571	446	239	780	437	754	1066	3688	3202	790	0.2953456104944501
1.0	204	7107	88	33	1134	571	446	239	780	437	754	1066	3688	3202	790	0.2953456104944501
0.8223379911388091	204	7107	88	33	277	70	446	239	780	437	382	1066	1769	3202	790	0.09171999224355246
0.7434636545109304	204	7107	77	25	100	17	348	239	748	437	176	896	1046	3202	648	0.03856355845745766
0.6918058328058815	196	7107	58	16	46	5	264	232	670	431	145	713	683	3127	516	0.019809086341778512
0.6503724621451872	183	7106	41	9	18	3	205	224	605	422	102	576	445	3020	399	0.01189303840618135
0.6180924095622962	174	7100	22	7	9	2	149	213	540	408	77	481	302	2889	322	0.007779630070651742
0.5915575247090901	160	7084	16	6	4	1	118	199	478	391	62	407	212	2766	246	0.006044547486958682
0.5684307902040021	147	7061	15	3	4	1	94	176	430	367	49	351	166	2614	197	0.005079201101928375
0.5458883100443059	137	7027	13	3	1	1	74	167	383	337	31	301	120	2451	166	0.0035803795202291443
0.5270947952675398	126	6988	12	2	0	1	55	153	351	310	22	263	91	2312	140	0.0026859312772066313
0.5108330493208043	123	6949	10	2	0	1	42	139	321	295	16	232	69	2173	120	0.0022927015666794038
0.4948147426846487	112	6899	9	2	0	1	34	125	294	287	13	203	54	2044	86	0.0017742730409068506
0.4803544476362043	104	6845	8	2	0	1	33	114	256	274	12	176	48	1924	69	0.0015226880519744188
0.4667218462437314	89	6778	5	1	0	1	24	108	235	260	9	162	39	1814	61	0.0010442773600668337
0.4536248113345343	82	6710	5	1	0	1	20	101	217	250	9	140	31	1698	52	8.593833924159416E-4
0.4414528458055407	79	6634	5	1	0	0	18	92	203	237	8	123	27	1599	41	8.830996798763661E-4
0.42884268951750326	73	6554	4	0	0	0	16	79	181	224	7	109	22	1507	32	9.090909090909091E-4
0.41798529626564096	69	6482	4	0	0	0	13	72	165	217	6	86	16	1424	31	5.827505827505828E-4
0.4070792151516627	62	6402	2	0	0	0	13	68	152	204	6	74	13	1338	27	4.7864066052411155E-4
0.3968060762451921	59	6334	1	0	0	0	10	64	142	191	6	65	11	1246	21	4.910385465259023E-4
0.3871171916841131	54	6264	1	0	0	0	8	57	130	180	3	61	10	1168	15	5.033345916698125E-4
0.37869419153804956	48	6185	1	0	0	0	7	54	125	176	3	52	10	1103	14	3.858520900321543E-4
0.3711962607721895	45	6115	1	0	0	0	6	50	113	172	2	47	8	1051	14	3.936491274111009E-4
0.36233506986708214	43	6039	1	0	0	0	4	44	107	163	2	40	8	978	13	1.3439053890606102E-4
0.35376600613467063	39	5960	1	0	0	0	4	40	98	153	2	36	8	915	10	1.3764624913971095E-4
0.34621938750669456	39	5886	1	0	0	0	4	36	92	149	2	30	7	857	8	0.0
0.33911095963776233	39	5807	1	0	0	0	4	34	87	146	2	27	6	804	8	0.0
0.3318077803203661	35	5725	1	0	0	0	2	33	83	140	2	22	6	760	6	0.0
0.3248454160377818	34	5658	1	0	0	0	1	30	76	133	2	21	6	705	5	0.0
0.3183699303763572	33	5585	1	0	0	0	1	29	74	124	2	19	5	661	5	0.0
0.3127221383709041	33	5523	1	0	0	0	0	27	70	120	2	18	5	619	5	0.0
0.30697697064121915	33	5447	1	0	0	0	0	27	66	116	2	15	5	590	3	0.0
0.30176736939480986	31	5381	1	0	0	0	0	27	60	111	2	14	5	564	2	0.0
0.2969472710453284	31	5322	1	0	0	0	0	26	54	107	2	12	5	537	2	0.0
0.2912021033156434	30	5243	1	0	0	0	0	24	52	100	2	12	4	511	2	0.0
0.28613856565558204	28	5176	1	0	0	0	0	23	48	98	2	12	4	483	2	0.0
0.2809289644091728	24	5109	1	0	0	0	0	23	45	92	2	11	2	460	1	0.0
0.27630361750815524	22	5048	1	0	0	0	0	20	43	90	2	9	2	437	1	0.0
0.2713861434344418	22	4985	1	0	0	0	0	20	38	89	1	9	2	406	1	0.0
0.26729636301669996	22	4928	1	0	0	0	0	20	35	85	1	9	2	386	1	0.0
0.2635473976337699	22	4873	0	0	0	0	0	17	34	84	0	9	1	372	1	0.0
0.25794829349043286	19	4795	0	0	0	0	0	17	32	80	0	7	1	346	1	0.0
0.2528847558303715	18	4718	0	0	0	0	0	16	29	78	0	7	1	326	1	0.0
0.24835678465358585	16	4650	0	0	0	0	0	15	29	78	0	6	1	305	1	0.0
0.24460781927065584	15	4587	0	0	0	0	0	12	27	77	0	6	1	298	1	0.0
0.24115098106042163	13	4530	0	0	0	0	0	12	27	76	0	5	1	288	1	0.0
0.23827839719557914	13	4486	0	0	0	0	0	11	26	74	0	3	1	279	1	0.0
0.2353084376065047	13	4436	0	0	0	0	0	10	26	73	0	3	0	271	1	0.0
0.2316568479478066	13	4375	0	0	0	0	0	10	26	71	0	3	0	259	1	0.0
0.22829738546180436	9	4326	0	0	0	0	0	10	25	69	0	2	0	247	1	0.0
0.22523005014849798	7	4277	0	0	0	0	0	10	24	67	0	2	0	238	1	0.0
0.22260090559423537	7	4239	0	0	0	0	0	9	24	65	0	2	0	225	1	0.0
0.21992307317785675	6	4191	0	0	0	0	0	9	23	64	0	2	0	221	1	0.0
0.21685573786455037	6	4135	0	0	0	0	0	9	23	60	0	2	0	218	1	0.0
0.21417790544817178	6	4089	0	0	0	0	0	9	22	58	0	2	0	212	1	0.0
0.2114513851696772	5	4049	0	0	0	0	0	9	20	54	0	2	0	203	1	0.0
0.20901699206387847	5	4008	0	0	0	0	0	9	19	52	0	2	0	197	1	0.0
0.20643653537173182	5	3965	0	0	0	0	0	9	18	48	0	2	0	192	1	0.0
0.20371001509323725	4	3924	0	0	0	0	0	8	17	45	0	1	0	184	1	0.0
0.20137299771167047	3	3887	0	0	0	0	0	7	17	44	0	1	0	176	1	0.0
0.19918204391645164	3	3852	0	0	0	0	0	7	16	44	0	1	0	167	1	0.0
0.19650421150007302	3	3800	0	0	0	0	0	7	16	42	0	1	0	166	1	0.0
0.19377769122157845	3	3756	0	0	0	0	0	7	16	42	0	1	0	154	1	0.0
0.19153804956424364	3	3717	0	0	0	0	0	7	16	40	0	1	0	149	1	0.0
0.1894931593553727	3	3682	0	0	0	0	0	7	15	39	0	1	0	144	1	0.0
0.18744826914650178	3	3645	0	0	0	0	0	6	15	38	0	1	0	141	1	0.0
0.1855007546618628	3	3610	0	0	0	0	0	6	15	37	0	1	0	137	1	0.0
0.18326111300452796	3	3571	0	0	0	0	0	5	14	36	0	1	0	133	1	0.0
0.18180047714104874	3	3543	0	0	0	0	0	5	14	35	0	1	0	132	1	0.0
0.17960952334582989	3	3508	0	0	0	0	0	5	12	34	0	1	0	126	0	0.0
0.17780807244753882	3	3473	0	0	0	0	0	5	12	34	0	1	0	124	0	0.0
0.17605530941136374	3	3441	0	0	0	0	0	5	11	34	0	1	0	121	0	0.0
0.17396173134037685	3	3403	0	0	0	0	0	5	11	32	0	1	0	118	0	0.0
0.17186815326938995	3	3365	0	0	0	0	0	5	11	32	0	1	0	113	0	0.0
0.16992063878475097	3	3333	0	0	0	0	0	3	11	29	0	1	0	110	0	0.0
0.16787574857588003	3	3297	0	0	0	0	0	3	10	29	0	1	0	105	0	0.0
0.1664151127124008	3	3273	0	0	0	0	0	3	10	29	0	1	0	99	0	0.0
0.16466234967622573	3	3241	0	0	0	0	0	3	9	28	0	1	0	97	0	0.0
0.16261745946735479	3	3204	0	0	0	0	0	3	9	27	0	1	0	93	0	0.0
0.16110813574175958	2	3175	0	0	0	0	0	3	9	27	0	1	0	92	0	0.0
0.15872243049807683	2	3130	0	0	0	0	0	2	9	26	0	1	0	90	0	0.0
0.15716441891036564	2	3100	0	0	0	0	0	2	9	25	0	1	0	89	0	0.0
0.15502215297726277	2	3058	0	0	0	0	0	2	9	25	0	1	0	87	0	0.0
0.15297726276839185	2	3020	0	0	0	0	0	2	9	24	0	1	0	84	0	0.0
0.15107843614586883	2	2983	0	0	0	0	0	2	9	24	0	1	0	82	0	0.0
0.1486927309021861	2	2942	0	0	0	0	0	2	8	24	0	1	0	75	0	0.0
0.1471347193144749	2	2912	0	0	0	0	0	2	8	24	0	1	0	73	0	0.0
0.1457714591752276	2	2889	0	0	0	0	0	2	8	22	0	1	0	70	0	0.0
0.1437265689663567	2	2852	0	0	0	0	0	2	8	21	0	1	0	66	0	0.0
0.1422172452407615	2	2822	0	0	0	0	0	2	8	21	0	1	0	65	0	0.0
0.14061054579093432	2	2791	0	0	0	0	0	2	8	20	0	1	0	64	0	0.0
0.13910122206533912	2	2763	0	0	0	0	0	2	7	20	0	1	0	62	0	0.0
0.13744583475339597	2	2731	0	0	0	0	0	2	7	18	0	1	0	62	0	0.0
0.13579044744145286	2	2701	0	0	0	0	0	2	7	17	0	1	0	59	0	0.0
0.13442718730220557	1	2678	0	0	0	0	0	2	7	17	0	0	0	56	0	0.0
0.1337942450946979	1	2666	0	0	0	0	0	2	7	16	0	0	0	56	0	0.0
0.1322362335069867	1	2637	0	0	0	0	0	2	6	15	0	0	0	55	0	0.0
0.13062953405715955	1	2607	0	0	0	0	0	2	6	14	0	0	0	53	0	0.0
0.12931496178002824	1	2585	0	0	0	0	0	2	6	13	0	0	0	49	0	0.0
0.12809776522712887	1	2562	0	0	0	0	0	2	6	11	0	0	0	49	0	0.0
0.1267345050878816	1	2538	0	0	0	0	0	2	6	11	0	0	0	45	0	0.0
0.12498174205170651	1	2504	0	0	0	0	0	2	6	11	0	0	0	43	0	0.0
0.12381323336092312	1	2484	0	0	0	0	0	1	5	11	0	0	0	41	0	0.0
0.12240128535955987	1	2456	0	0	0	0	0	1	5	10	0	0	0	41	0	0.0
0.12113540094454453	1	2432	0	0	0	0	0	1	5	10	0	0	0	39	0	0.0
0.12021033156434101	1	2415	0	0	0	0	0	1	4	9	0	0	0	39	0	0.0
0.11923657432202152	1	2399	0	0	0	0	0	1	4	8	0	0	0	36	0	0.0
0.11792200204489021	1	2375	0	0	0	0	0	1	4	8	0	0	0	33	0	0.0
0.11685086907833878	1	2354	0	0	0	0	0	1	4	8	0	0	0	32	0	0.0
0.11558498466332344	1	2329	0	0	0	0	0	1	3	8	0	0	0	32	0	0.0
0.11436778811042407	1	2307	0	0	0	0	0	1	3	6	0	0	0	31	0	0.0
0.11354009445445251	1	2290	0	0	0	0	0	1	3	6	0	0	0	31	0	0.0
0.11217683431520523	1	2264	0	0	0	0	0	1	2	5	0	0	0	31	0	0.0
0.11071619845172598	1	2235	0	0	0	0	0	1	2	4	0	0	0	31	0	0.0
0.10969375334729052	1	2215	0	0	0	0	0	1	2	4	0	0	0	30	0	0.0
0.10847655679439115	1	2192	0	0	0	0	0	1	2	4	0	0	0	28	0	0.0
0.1074541116899557	1	2173	0	0	0	0	0	1	2	3	0	0	0	27	0	0.0
0.10633429086128827	1	2152	0	0	0	0	0	1	2	2	0	0	0	26	0	0.0
0.10521447003262087	1	2130	0	0	0	0	0	1	2	2	0	0	0	25	0	0.0
0.10404596134183748	1	2106	0	0	0	0	0	1	2	2	0	0	0	25	0	0.0
0.10282876478893811	1	2084	0	0	0	0	0	1	2	1	0	0	0	23	0	0.0
0.10214713471931447	1	2071	0	0	0	0	0	1	2	1	0	0	0	22	0	0.0
0.10131944106334291	1	2055	0	0	0	0	0	1	1	1	0	0	0	22	0	0.0
0.10058912313160329	1	2042	0	0	0	0	0	1	0	1	0	0	0	21	0	0.0
0.09985880519986368	1	2028	0	0	0	0	0	1	0	0	0	0	0	21	0	0.0
0.09912848726812405	1	2014	0	0	0	0	0	1	0	0	0	0	0	20	0	0.0
0.09800866643945665	1	1991	0	0	0	0	0	1	0	0	0	0	0	20	0	0.0
0.09688884561078923	1	1969	0	0	0	0	0	1	0	0	0	0	0	19	0	0.0
0.09591508836846974	1	1950	0	0	0	0	0	1	0	0	0	0	0	18	0	0.0
0.09518477043673013	1	1935	0	0	0	0	0	1	0	0	0	0	0	18	0	0.0
0.09421101319441064	0	1916	0	0	0	0	0	1	0	0	0	0	0	18	0	0.0
0.09328594381420711	0	1898	0	0	0	0	0	1	0	0	0	0	0	17	0	0.0
0.09250693802035152	0	1882	0	0	0	0	0	1	0	0	0	0	0	17	0	0.0
0.09158186864014801	0	1863	0	0	0	0	0	1	0	0	0	0	0	17	0	0.0
0.09080286284629242	0	1847	0	0	0	0	0	1	0	0	0	0	0	17	0	0.0
0.0900725449145528	0	1832	0	0	0	0	0	1	0	0	0	0	0	17	0	0.0
0.08924485125858124	0	1815	0	0	0	0	0	1	0	0	0	0	0	17	0	0.0
0.08841715760260967	0	1800	0	0	0	0	0	1	0	0	0	0	0	15	0	0.0
0.08729733677394226	0	1779	0	0	0	0	0	1	0	0	0	0	0	13	0	0.0
0.08676177029066653	0	1768	0	0	0	0	0	1	0	0	0	0	0	13	0	0.0
0.08612882808315887	0	1756	0	0	0	0	0	1	0	0	0	0	0	12	0	0.0
0.08525244656507133	0	1739	0	0	0	0	0	1	0	0	0	0	0	11	0	0.0
0.08442475290909976	0	1722	0	0	0	0	0	1	0	0	0	0	0	11	0	0.0
0.08384049856370807	0	1710	0	0	0	0	0	1	0	0	0	0	0	11	0	0.0
0.08325624421831637	0	1698	0	0	0	0	0	1	0	0	0	0	0	11	0	0.0
0.08247723842446078	0	1682	0	0	0	0	0	1	0	0	0	0	0	11	0	0.0
0.08194167194118507	0	1671	0	0	0	0	0	1	0	0	0	0	0	11	0	0.0
0.08121135400944544	0	1657	0	0	0	0	0	1	0	0	0	0	0	10	0	0.0
0.08028628462924194	0	1638	0	0	0	0	0	1	0	0	0	0	0	10	0	0.0
0.07945859097327036	0	1621	0	0	0	0	0	1	0	0	0	0	0	10	0	0.0
0.07892302448999465	0	1610	0	0	0	0	0	1	0	0	0	0	0	10	0	0.0
0.07853352159306685	0	1602	0	0	0	0	0	1	0	0	0	0	0	10	0	0.0
0.07809533083402308	0	1594	0	0	0	0	0	1	0	0	0	0	0	9	0	0.0
0.07775451579921126	0	1587	0	0	0	0	0	1	0	0	0	0	0	9	0	0.0
0.07731632504016749	0	1578	0	0	0	0	0	1	0	0	0	0	0	9	0	0.0
0.07678075855689177	0	1568	0	0	0	0	0	1	0	0	0	0	0	8	0	0.0
0.07609912848726813	0	1555	0	0	0	0	0	1	0	0	0	0	0	7	0	0.0
0.07566093772822435	0	1546	0	0	0	0	0	1	0	0	0	0	0	7	0	0.0
0.07517405910706461	0	1536	0	0	0	0	0	1	0	0	0	0	0	7	0	0.0
0.07454111689955695	0	1523	0	0	0	0	0	1	0	0	0	0	0	7	0	0.0
0.07405423827839719	0	1513	0	0	0	0	0	1	0	0	0	0	0	7	0	0.0
0.07342129607088953	0	1501	0	0	0	0	0	1	0	0	0	0	0	6	0	0.0
0.0726909781391499	0	1486	0	0	0	0	0	1	0	0	0	0	0	6	0	0.0
0.07220409951799016	0	1476	0	0	0	0	0	1	0	0	0	0	0	6	0	0.0
0.07166853303471445	0	1465	0	0	0	0	0	1	0	0	0	0	0	6	0	0.0
0.07123034227567067	0	1456	0	0	0	0	0	1	0	0	0	0	0	6	0	0.0
0.0709869029650908	0	1451	0	0	0	0	0	1	0	0	0	0	0	6	0	0.0
0.07035396075758313	0	1438	0	0	0	0	0	1	0	0	0	0	0	6	0	0.0
0.06991576999853936	0	1429	0	0	0	0	0	1	0	0	0	0	0	6	0	0.0
0.06972101855007547	0	1425	0	0	0	0	0	1	0	0	0	0	0	6	0	0.0
0.06913676420468377	0	1413	0	0	0	0	0	1	0	0	0	0	0	6	0	0.0
0.06899070061833584	0	1410	0	0	0	0	0	1	0	0	0	0	0	6	0	0.0
0.06840644627294415	0	1398	0	0	0	0	0	1	0	0	0	0	0	6	0	0.0
0.0679195676517844	0	1388	0	0	0	0	0	1	0	0	0	0	0	6	0	0.0
0.06733531330639271	0	1376	0	0	0	0	0	1	0	0	0	0	0	6	0	0.0
0.06670237109888505	0	1364	0	0	0	0	0	1	0	0	0	0	0	5	0	0.0
0.06606942889137737	0	1351	0	0	0	0	0	1	0	0	0	0	0	5	0	0.0
0.06563123813233361	0	1342	0	0	0	0	0	1	0	0	0	0	0	5	0	0.0
0.06514435951117387	0	1333	0	0	0	0	0	1	0	0	0	0	0	4	0	0.0
0.06456010516578217	0	1321	0	0	0	0	0	1	0	0	0	0	0	4	0	0.0
0.06407322654462243	0	1311	0	0	0	0	0	1	0	0	0	0	0	4	0	0.0
0.06363503578557865	0	1302	0	0	0	0	0	1	0	0	0	0	0	4	0	0.0
0.06329422075076684	0	1295	0	0	0	0	0	1	0	0	0	0	0	4	0	0.0
0.06295340571595501	0	1288	0	0	0	0	0	1	0	0	0	0	0	4	0	0.0
0.06217439992209942	0	1273	0	0	0	0	0	1	0	0	0	0	0	3	0	0.0
0.06159014557670773	0	1262	0	0	0	0	0	0	0	0	0	0	0	3	0	0.0
0.06120064267977993	0	1254	0	0	0	0	0	0	0	0	0	0	0	3	0	0.0
0.06081113978285214	0	1246	0	0	0	0	0	0	0	0	0	0	0	3	0	0.0
0.06037294902380837	0	1237	0	0	0	0	0	0	0	0	0	0	0	3	0	0.0
0.05988607040264862	0	1227	0	0	0	0	0	0	0	0	0	0	0	3	0	0.0
0.05920444033302498	0	1213	0	0	0	0	0	0	0	0	0	0	0	3	0	0.0
0.058814937436097184	0	1205	0	0	0	0	0	0	0	0	0	0	0	3	0	0.0
0.05823068309070549	0	1194	0	0	0	0	0	0	0	0	0	0	0	2	0	0.0
0.05769511660742977	0	1183	0	0	0	0	0	0	0	0	0	0	0	2	0	0.0
0.057256925848386	0	1174	0	0	0	0	0	0	0	0	0	0	0	2	0	0.0
0.05691611081357418	0	1167	0	0	0	0	0	0	0	0	0	0	0	2	0	0.0
0.05628316860606651	0	1155	0	0	0	0	0	0	0	0	0	0	0	1	0	0.0
0.05565022639855884	0	1143	0	0	0	0	0	0	0	0	0	0	0	0	0	0.0
0.05535809922586299	0	1137	0	0	0	0	0	0	0	0	0	0	0	0	0	0.0
0.05501728419105117	0	1130	0	0	0	0	0	0	0	0	0	0	0	0	0	0.0
0.05462778129412337	0	1122	0	0	0	0	0	0	0	0	0	0	0	0	0	0.0
0.05428696625931155	0	1115	0	0	0	0	0	0	0	0	0	0	0	0	0	0.0
0.053994839086615704	0	1109	0	0	0	0	0	0	0	0	0	0	0	0	0	0.0
0.05375139977603583	0	1104	0	0	0	0	0	0	0	0	0	0	0	0	0	0.0
0.053459272603339984	0	1098	0	0	0	0	0	0	0	0	0	0	0	0	0	0.0
0.05311845756852816	0	1091	0	0	0	0	0	0	0	0	0	0	0	0	0	0.0
0.05268026680948439	0	1082	0	0	0	0	0	0	0	0	0	0	0	0	0	0.0
0.052485515361020495	0	1078	0	0	0	0	0	0	0	0	0	0	0	0	0	0.0
0.05219338818832465	0	1072	0	0	0	0	0	0	0	0	0	0	0	0	0	0.0
0.0520960124640927	0	1070	0	0	0	0	0	0	0	0	0	0	0	0	0	0.0
0.0517065095671649	0	1062	0	0	0	0	0	0	0	0	0	0	0	0	0	0.0
0.051414382394469056	0	1056	0	0	0	0	0	0	0	0	0	0	0	0	0	0.0
0.050976191635425286	0	1047	0	0	0	0	0	0	0	0	0	0	0	0	0	0.0
0.050732752324845413	0	1042	0	0	0	0	0	0	0	0	0	0	0	0	0	0.0
0.05024587370368567	0	1032	0	0	0	0	0	0	0	0	0	0	0	0	0	0.0
0.050002434393105796	0	1027	0	0	0	0	0	0	0	0	0	0	0	0	0	0.0
0.049758995082525924	0	1022	0	0	0	0	0	0	0	0	0	0	0	0	0	0.0
0.04951555577194605	0	1017	0	0	0	0	0	0	0	0	0	0	0	0	0	0.0
0.04897998928867033	0	1006	0	0	0	0	0	0	0	0	0	0	0	0	0	0.0
0.04863917425385851	0	999	0	0	0	0	0	0	0	0	0	0	0	0	0	0.0
0.048347047081162664	0	993	0	0	0	0	0	0	0	0	0	0	0	0	0	0.0
0.048152295632698766	0	989	0	0	0	0	0	0	0	0	0	0	0	0	0	0.0
0.04786016846000292	0	983	0	0	0	0	0	0	0	0	0	0	0	0	0	0.0
0.04766541701153902	0	979	0	0	0	0	0	0	0	0	0	0	0	0	0	0.0
0.04742197770095915	0	974	0	0	0	0	0	0	0	0	0	0	0	0	0	0.0
0.04708116266614733	0	967	0	0	0	0	0	0	0	0	0	0	0	0	0	0.0
0.04688641121768343	0	963	0	0	0	0	0	0	0	0	0	0	0	0	0	0.0
0.04625346901017576	0	950	0	0	0	0	0	0	0	0	0	0	0	0	0	0.0
0.04591265397536394	0	943	0	0	0	0	0	0	0	0	0	0	0	0	0	0.0
0.04562052680266809	0	937	0	0	0	0	0	0	0	0	0	0	0	0	0	0.0
0.04547446321632017	0	934	0	0	0	0	0	0	0	0	0	0	0	0	0	0.0
0.0452310239057403	0	929	0	0	0	0	0	0	0	0	0	0	0	0	0	0.0
0.044987584595160425	0	924	0	0	0	0	0	0	0	0	0	0	0	0	0	0.0
0.04479283314669653	0	920	0	0	0	0	0	0	0	0	0	0	0	0	0	0.0
0.044646769560348604	0	917	0	0	0	0	0	0	0	0	0	0	0	0	0	0.0
0.04440333024976873	0	912	0	0	0	0	0	0	0	0	0	0	0	0	0	0.0
0.044111203077072884	0	906	0	0	0	0	0	0	0	0	0	0	0	0	0	0.0
0.04381907590437704	0	900	0	0	0	0	0	0	0	0	0	0	0	0	0	0.0
0.043478260869565216	0	893	0	0	0	0	0	0	0	0	0	0	0	0	0	0.0
0.04318613369686937	0	887	0	0	0	0	0	0	0	0	0	0	0	0	0	0.0
0.04289400652417352	0	881	0	0	0	0	0	0	0	0	0	0	0	0	0	0.0
0.042699255075709625	0	877	0	0	0	0	0	0	0	0	0	0	0	0	0	0.0
0.0425531914893617	0	874	0	0	0	0	0	0	0	0	0	0	0	0	0	0.0
0.042261064316665854	0	868	0	0	0	0	0	0	0	0	0	0	0	0	0	0.0
0.04196893714397001	0	862	0	0	0	0	0	0	0	0	0	0	0	0	0	0.0
0.041725497833390135	0	857	0	0	0	0	0	0	0	0	0	0	0	0	0	0.0
0.04167680997127416	0	856	0	0	0	0	0	0	0	0	0	0	0	0	0	0.0
0.04148205852281026	0	852	0	0	0	0	0	0	0	0	0	0	0	0	0	0.0
0.041384682798578314	0	850	0	0	0	0	0	0	0	0	0	0	0	0	0	0.0
0.041287307074346365	0	848	0	0	0	0	0	0	0	0	0	0	0	0	0	0.0
0.04104386776376649	0	843	0	0	0	0	0	0	0	0	0	0	0	0	0	0.0
0.04094649203953454	0	841	0	0	0	0	0	0	0	0	0	0	0	0	0	0.0
0.04080042845318662	0	838	0	0	0	0	0	0	0	0	0	0	0	0	0	0.0
0.040654364866838696	0	835	0	0	0	0	0	0	0	0	0	0	0	0	0	0.0
0.0404596134183748	0	831	0	0	0	0	0	0	0	0	0	0	0	0	0	0.0
0.040313549832026875	0	828	0	0	0	0	0	0	0	0	0	0	0	0	0	0.0
0.04016748624567895	0	825	0	0	0	0	0	0	0	0	0	0	0	0	0	0.0
0.040070110521447	0	823	0	0	0	0	0	0	0	0	0	0	0	0	0	0.0
0.039972734797215054	0	821	0	0	0	0	0	0	0	0	0	0	0	0	0	0.0
0.03982667121086713	0	818	0	0	0	0	0	0	0	0	0	0	0	0	0	0.0
0.03953454403817128	0	812	0	0	0	0	0	0	0	0	0	0	0	0	0	0.0
0.03909635327912751	0	803	0	0	0	0	0	0	0	0	0	0	0	0	0	0.0
0.03885291396854764	0	798	0	0	0	0	0	0	0	0	0	0	0	0	0	0.0
0.03875553824431569	0	796	0	0	0	0	0	0	0	0	0	0	0	0	0	0.0
0.03865816252008374	0	794	0	0	0	0	0	0	0	0	0	0	0	0	0	0.0
0.038463411071619845	0	790	0	0	0	0	0	0	0	0	0	0	0	0	0	0.0
0.038366035347387896	0	788	0	0	0	0	0	0	0	0	0	0	0	0	0	0.0
0.03821997176103997	0	785	0	0	0	0	0	0	0	0	0	0	0	0	0	0.0
0.038025220312576075	0	781	0	0	0	0	0	0	0	0	0	0	0	0	0	0.0
0.03768440527776425	0	774	0	0	0	0	0	0	0	0	0	0	0	0	0	0.0
0.037587029553532304	0	772	0	0	0	0	0	0	0	0	0	0	0	0	0	0.0
0.03729490238083646	0	766	0	0	0	0	0	0	0	0	0	0	0	0	0	0.0
0.03710015093237256	0	762	0	0	0	0	0	0	0	0	0	0	0	0	0	0.0
0.03690539948390866	0	758	0	0	0	0	0	0	0	0	0	0	0	0	0	0.0
0.036613272311212815	0	752	0	0	0	0	0	0	0	0	0	0	0	0	0	0.0
0.03641852086274892	0	748	0	0	0	0	0	0	0	0	0	0	0	0	0	0.0
0.03622376941428502	0	744	0	0	0	0	0	0	0	0	0	0	0	0	0	0.0
0.035980330103705147	0	739	0	0	0	0	0	0	0	0	0	0	0	0	0	0.0
0.035736890793125274	0	734	0	0	0	0	0	0	0	0	0	0	0	0	0	0.0
0.03539607575831345	0	727	0	0	0	0	0	0	0	0	0	0	0	0	0	0.0
0.035201324309849555	0	723	0	0	0	0	0	0	0	0	0	0	0	0	0	0.0
0.03495788499926968	0	718	0	0	0	0	0	0	0	0	0	0	0	0	0	0.0
0.03481182141292176	0	715	0	0	0	0	0	0	0	0	0	0	0	0	0	0.0
0.03451969424022591	0	709	0	0	0	0	0	0	0	0	0	0	0	0	0	0.0
0.034324942791762014	0	705	0	0	0	0	0	0	0	0	0	0	0	0	0	0.0
0.03408150348118214	0	700	0	0	0	0	0	0	0	0	0	0	0	0	0	0.0
0.03398412775695019	0	698	0	0	0	0	0	0	0	0	0	0	0	0	0	0.0
0.033886752032718244	0	696	0	0	0	0	0	0	0	0	0	0	0	0	0	0.0
0.03374068844637032	0	693	0	0	0	0	0	0	0	0	0	0	0	0	0	0.0
0.03349724913579045	0	688	0	0	0	0	0	0	0	0	0	0	0	0	0	0.0
0.03330249768732655	0	684	0	0	0	0	0	0	0	0	0	0	0	0	0	0.0
0.03315643410097863	0	681	0	0	0	0	0	0	0	0	0	0	0	0	0	0.0
0.03305905837674668	0	679	0	0	0	0	0	0	0	0	0	0	0	0	0	0.0
0.032815619066166805	0	674	0	0	0	0	0	0	0	0	0	0	0	0	0	0.0
0.03252349189347096	0	668	0	0	0	0	0	0	0	0	0	0	0	0	0	0.0
0.03232874044500706	0	664	0	0	0	0	0	0	0	0	0	0	0	0	0	0.0
0.032280052582891086	0	663	0	0	0	0	0	0	0	0	0	0	0	0	0	0.0
0.03223136472077511	0	662	0	0	0	0	0	0	0	0	0	0	0	0	0	0.0
0.032036613272311214	0	658	0	0	0	0	0	0	0	0	0	0	0	0	0	0.0
0.031841861823847316	0	654	0	0	0	0	0	0	0	0	0	0	0	0	0	0.0
0.03179317396173134	0	653	0	0	0	0	0	0	0	0	0	0	0	0	0	0.0
0.03159842251326744	0	649	0	0	0	0	0	0	0	0	0	0	0	0	0	0.0
0.0313062953405716	0	643	0	0	0	0	0	0	0	0	0	0	0	0	0	0.0
0.031160231754223673	0	640	0	0	0	0	0	0	0	0	0	0	0	0	0	0.0
0.031062856029991724	0	638	0	0	0	0	0	0	0	0	0	0	0	0	0	0.0
0.03101416816787575	0	637	0	0	0	0	0	0	0	0	0	0	0	0	0	0.0
0.030819416719411852	0	633	0	0	0	0	0	0	0	0	0	0	0	0	0	0.0
0.030722040995179903	0	631	0	0	0	0	0	0	0	0	0	0	0	0	0	0.0
0.030624665270947954	0	629	0	0	0	0	0	0	0	0	0	0	0	0	0	0.0
0.030429913822484056	0	625	0	0	0	0	0	0	0	0	0	0	0	0	0	0.0
0.030235162374020158	0	621	0	0	0	0	0	0	0	0	0	0	0	0	0	0.0
0.03013778664978821	0	619	0	0	0	0	0	0	0	0	0	0	0	0	0	0.0
0.030089098787672235	0	618	0	0	0	0	0	0	0	0	0	0	0	0	0	0.0
0.02994303520132431	0	615	0	0	0	0	0	0	0	0	0	0	0	0	0	0.0
0.029748283752860413	0	611	0	0	0	0	0	0	0	0	0	0	0	0	0	0.0
0.029456156580164566	0	605	0	0	0	0	0	0	0	0	0	0	0	0	0	0.0
0.029407468718048592	0	604	0	0	0	0	0	0	0	0	0	0	0	0	0	0.0
0.029212717269584694	0	600	0	0	0	0	0	0	0	0	0	0	0	0	0	0.0
0.028920590096888847	0	594	0	0	0	0	0	0	0	0	0	0	0	0	0	0.0
0.028823214372656898	0	592	0	0	0	0	0	0	0	0	0	0	0	0	0	0.0
0.02872583864842495	0	590	0	0	0	0	0	0	0	0	0	0	0	0	0	0.0
0.02853108719996105	0	586	0	0	0	0	0	0	0	0	0	0	0	0	0	0.0
0.02828764788938118	0	581	0	0	0	0	0	0	0	0	0	0	0	0	0	0.0
0.028238960027265204	0	580	0	0	0	0	0	0	0	0	0	0	0	0	0	0.0
0.02819027216514923	0	579	0	0	0	0	0	0	0	0	0	0	0	0	0	0.0
0.02809289644091728	0	577	0	0	0	0	0	0	0	0	0	0	0	0	0	0.0
0.027995520716685332	0	575	0	0	0	0	0	0	0	0	0	0	0	0	0	0.0
0.027946832854569358	0	574	0	0	0	0	0	0	0	0	0	0	0	0	0	0.0
0.027654705681873507	0	568	0	0	0	0	0	0	0	0	0	0	0	0	0	0.0
0.027606017819757533	0	567	0	0	0	0	0	0	0	0	0	0	0	0	0	0.0
0.02736257850917766	0	562	0	0	0	0	0	0	0	0	0	0	0	0	0	0.0
0.027313890647061686	0	561	0	0	0	0	0	0	0	0	0	0	0	0	0	0.0
0.027070451336481813	0	556	0	0	0	0	0	0	0	0	0	0	0	0	0	0.0
0.02692438775013389	0	553	0	0	0	0	0	0	0	0	0	0	0	0	0	0.0
0.026778324163785967	0	550	0	0	0	0	0	0	0	0	0	0	0	0	0	0.0
0.026632260577438043	0	547	0	0	0	0	0	0	0	0	0	0	0	0	0	0.0
0.026437509128974145	0	543	0	0	0	0	0	0	0	0	0	0	0	0	0	0.0
0.026242757680510247	0	539	0	0	0	0	0	0	0	0	0	0	0	0	0	0.0
0.026194069818394273	0	538	0	0	0	0	0	0	0	0	0	0	0	0	0	0.0
0.02604800623204635	0	535	0	0	0	0	0	0	0	0	0	0	0	0	0	0.0
0.0259506305078144	0	533	0	0	0	0	0	0	0	0	0	0	0	0	0	0.0
0.025658503335118554	0	527	0	0	0	0	0	0	0	0	0	0	0	0	0	0.0
0.025561127610886605	0	525	0	0	0	0	0	0	0	0	0	0	0	0	0	0.0
0.025366376162422707	0	521	0	0	0	0	0	0	0	0	0	0	0	0	0	0.0
0.025122936851842834	0	516	0	0	0	0	0	0	0	0	0	0	0	0	0	0.0
0.02507424898972686	0	515	0	0	0	0	0	0	0	0	0	0	0	0	0	0.0
0.024830809679146987	0	510	0	0	0	0	0	0	0	0	0	0	0	0	0	0.0
0.024782121817031013	0	509	0	0	0	0	0	0	0	0	0	0	0	0	0	0.0
0.02473343395491504	0	508	0	0	0	0	0	0	0	0	0	0	0	0	0	0.0
0.024684746092799064	0	507	0	0	0	0	0	0	0	0	0	0	0	0	0	0.0
0.024587370368567115	0	505	0	0	0	0	0	0	0	0	0	0	0	0	0	0.0
0.024392618920103217	0	501	0	0	0	0	0	0	0	0	0	0	0	0	0	0.0
0.024343931057987243	0	500	0	0	0	0	0	0	0	0	0	0	0	0	0	0.0
0.02419786747163932	0	497	0	0	0	0	0	0	0	0	0	0	0	0	0	0.0
0.024051803885291396	0	494	0	0	0	0	0	0	0	0	0	0	0	0	0	0.0
0.023710988850479574	0	487	0	0	0	0	0	0	0	0	0	0	0	0	0	0.0
0.0236623009883636	0	486	0	0	0	0	0	0	0	0	0	0	0	0	0	0.0
0.023516237402015677	0	483	0	0	0	0	0	0	0	0	0	0	0	0	0	0.0
0.023370173815667753	0	480	0	0	0	0	0	0	0	0	0	0	0	0	0	0.0
0.023175422367203855	0	476	0	0	0	0	0	0	0	0	0	0	0	0	0	0.0
0.023078046642971906	0	474	0	0	0	0	0	0	0	0	0	0	0	0	0	0.0
0.022834607332392034	0	469	0	0	0	0	0	0	0	0	0	0	0	0	0	0.0
0.022639855883928136	0	465	0	0	0	0	0	0	0	0	0	0	0	0	0	0.0
0.022542480159696187	0	463	0	0	0	0	0	0	0	0	0	0	0	0	0	0.0
0.022396416573348264	0	460	0	0	0	0	0	0	0	0	0	0	0	0	0	0.0
0.02234772871123229	0	459	0	0	0	0	0	0	0	0	0	0	0	0	0	0.0
0.022201665124884366	0	456	0	0	0	0	0	0	0	0	0	0	0	0	0	0.0
0.02215297726276839	0	455	0	0	0	0	0	0	0	0	0	0	0	0	0	0.0
0.022104289400652417	0	454	0	0	0	0	0	0	0	0	0	0	0	0	0	0.0
0.02190953795218852	0	450	0	0	0	0	0	0	0	0	0	0	0	0	0	0.0
0.021860850090072544	0	449	0	0	0	0	0	0	0	0	0	0	0	0	0	0.0
0.02181216222795657	0	448	0	0	0	0	0	0	0	0	0	0	0	0	0	0.0
0.02171478650372462	0	446	0	0	0	0	0	0	0	0	0	0	0	0	0	0.0
0.021617410779492672	0	444	0	0	0	0	0	0	0	0	0	0	0	0	0	0.0
0.02147134719314475	0	441	0	0	0	0	0	0	0	0	0	0	0	0	0	0.0
0.021325283606796825	0	438	0	0	0	0	0	0	0	0	0	0	0	0	0	0.0
0.02127659574468085	0	437	0	0	0	0	0	0	0	0	0	0	0	0	0	0.0
0.021130532158332927	0	434	0	0	0	0	0	0	0	0	0	0	0	0	0	0.0
0.021033156434100978	0	432	0	0	0	0	0	0	0	0	0	0	0	0	0	0.0
0.020887092847753055	0	429	0	0	0	0	0	0	0	0	0	0	0	0	0	0.0
0.020789717123521106	0	427	0	0	0	0	0	0	0	0	0	0	0	0	0	0.0
0.020643653537173182	0	424	0	0	0	0	0	0	0	0	0	0	0	0	0	0.0
0.020546277812941233	0	422	0	0	0	0	0	0	0	0	0	0	0	0	0	0.0
0.02040021422659331	0	419	0	0	0	0	0	0	0	0	0	0	0	0	0	0.0
0.02030283850236136	0	417	0	0	0	0	0	0	0	0	0	0	0	0	0	0.0
0.020108087053897463	0	413	0	0	0	0	0	0	0	0	0	0	0	0	0	0.0
0.01996202346754954	0	410	0	0	0	0	0	0	0	0	0	0	0	0	0	0.0
0.019815959881201616	0	407	0	0	0	0	0	0	0	0	0	0	0	0	0	0.0
0.01976727201908564	0	406	0	0	0	0	0	0	0	0	0	0	0	0	0	0.0
0.019718584156969667	0	405	0	0	0	0	0	0	0	0	0	0	0	0	0	0.0
0.01952383270850577	0	401	0	0	0	0	0	0	0	0	0	0	0	0	0	0.0
0.01942645698427382	0	399	0	0	0	0	0	0	0	0	0	0	0	0	0	0.0
0.019280393397925897	0	396	0	0	0	0	0	0	0	0	0	0	0	0	0	0.0
0.019134329811577973	0	393	0	0	0	0	0	0	0	0	0	0	0	0	0	0.0
0.019036954087346025	0	391	0	0	0	0	0	0	0	0	0	0	0	0	0	0.0
0.018939578363114076	0	389	0	0	0	0	0	0	0	0	0	0	0	0	0	0.0
0.0188908905009981	0	388	0	0	0	0	0	0	0	0	0	0	0	0	0	0.0
0.018842202638882127	0	387	0	0	0	0	0	0	0	0	0	0	0	0	0	0.0
0.018696139052534203	0	384	0	0	0	0	0	0	0	0	0	0	0	0	0	0.0
0.018501387604070305	0	380	0	0	0	0	0	0	0	0	0	0	0	0	0	0.0
0.018306636155606407	0	376	0	0	0	0	0	0	0	0	0	0	0	0	0	0.0
0.018160572569258484	0	373	0	0	0	0	0	0	0	0	0	0	0	0	0	0.0
0.01801450898291056	0	370	0	0	0	0	0	0	0	0	0	0	0	0	0	0.0
0.017868445396562637	0	367	0	0	0	0	0	0	0	0	0	0	0	0	0	0.0
0.017771069672330688	0	365	0	0	0	0	0	0	0	0	0	0	0	0	0	0.0
0.017722381810214714	0	364	0	0	0	0	0	0	0	0	0	0	0	0	0	0.0
0.017625006085982765	0	362	0	0	0	0	0	0	0	0	0	0	0	0	0	0.0
0.01747894249963484	0	359	0	0	0	0	0	0	0	0	0	0	0	0	0	0.0
0.017430254637518867	0	358	0	0	0	0	0	0	0	0	0	0	0	0	0	0.0
0.017381566775402892	0	357	0	0	0	0	0	0	0	0	0	0	0	0	0	0.0
0.017332878913286918	0	356	0	0	0	0	0	0	0	0	0	0	0	0	0	0.0
0.01723550318905497	0	354	0	0	0	0	0	0	0	0	0	0	0	0	0	0.0
0.01713812746482302	0	352	0	0	0	0	0	0	0	0	0	0	0	0	0	0.0
0.01704075174059107	0	350	0	0	0	0	0	0	0	0	0	0	0	0	0	0.0
0.016894688154243147	0	347	0	0	0	0	0	0	0	0	0	0	0	0	0	0.0
0.0167973124300112	0	345	0	0	0	0	0	0	0	0	0	0	0	0	0	0.0
0.016651248843663275	0	342	0	0	0	0	0	0	0	0	0	0	0	0	0	0.0
0.0166025609815473	0	341	0	0	0	0	0	0	0	0	0	0	0	0	0	0.0
0.016553873119431326	0	340	0	0	0	0	0	0	0	0	0	0	0	0	0	0.0
0.016310433808851454	0	335	0	0	0	0	0	0	0	0	0	0	0	0	0	0.0
0.016213058084619505	0	333	0	0	0	0	0	0	0	0	0	0	0	0	0	0.0
0.016115682360387556	0	331	0	0	0	0	0	0	0	0	0	0	0	0	0	0.0
0.016018306636155607	0	329	0	0	0	0	0	0	0	0	0	0	0	0	0	0.0
0.015920930911923658	0	327	0	0	0	0	0	0	0	0	0	0	0	0	0	0.0
0.015872243049807683	0	326	0	0	0	0	0	0	0	0	0	0	0	0	0	0.0
0.015774867325575734	0	324	0	0	0	0	0	0	0	0	0	0	0	0	0	0.0
0.01562880373922781	0	321	0	0	0	0	0	0	0	0	0	0	0	0	0	0.0
0.015580115877111837	0	320	0	0	0	0	0	0	0	0	0	0	0	0	0	0.0
0.015482740152879888	0	318	0	0	0	0	0	0	0	0	0	0	0	0	0	0.0
0.015434052290763913	0	317	0	0	0	0	0	0	0	0	0	0	0	0	0	0.0
0.015385364428647939	0	316	0	0	0	0	0	0	0	0	0	0	0	0	0	0.0
0.01528798870441599	0	314	0	0	0	0	0	0	0	0	0	0	0	0	0	0.0
0.01519061298018404	0	312	0	0	0	0	0	0	0	0	0	0	0	0	0	0.0
0.015093237255952092	0	310	0	0	0	0	0	0	0	0	0	0	0	0	0	0.0
0.014947173669604168	0	307	0	0	0	0	0	0	0	0	0	0	0	0	0	0.0
0.014801110083256245	0	304	0	0	0	0	0	0	0	0	0	0	0	0	0	0.0
0.014655046496908321	0	301	0	0	0	0	0	0	0	0	0	0	0	0	0	0.0
0.014606358634792347	0	300	0	0	0	0	0	0	0	0	0	0	0	0	0	0.0
0.014460295048444424	0	297	0	0	0	0	0	0	0	0	0	0	0	0	0	0.0
0.014362919324212475	0	295	0	0	0	0	0	0	0	0	0	0	0	0	0	0.0
0.0143142314620965	0	294	0	0	0	0	0	0	0	0	0	0	0	0	0	0.0
0.014265543599980526	0	293	0	0	0	0	0	0	0	0	0	0	0	0	0	0.0
0.014216855737864551	0	292	0	0	0	0	0	0	0	0	0	0	0	0	0	0.0
0.014070792151516628	0	289	0	0	0	0	0	0	0	0	0	0	0	0	0	0.0
0.014022104289400653	0	288	0	0	0	0	0	0	0	0	0	0	0	0	0	0.0
0.013876040703052728	0	285	0	0	0	0	0	0	0	0	0	0	0	0	0	0.0
0.013827352840936754	0	284	0	0	0	0	0	0	0	0	0	0	0	0	0	0.0
0.01368128925458883	0	281	0	0	0	0	0	0	0	0	0	0	0	0	0	0.0
0.013583913530356881	0	279	0	0	0	0	0	0	0	0	0	0	0	0	0	0.0
0.013486537806124932	0	277	0	0	0	0	0	0	0	0	0	0	0	0	0	0.0
0.013389162081892983	0	275	0	0	0	0	0	0	0	0	0	0	0	0	0	0.0
0.01324309849554506	0	272	0	0	0	0	0	0	0	0	0	0	0	0	0	0.0
0.013194410633429085	0	271	0	0	0	0	0	0	0	0	0	0	0	0	0	0.0
0.013145722771313111	0	270	0	0	0	0	0	0	0	0	0	0	0	0	0	0.0
0.012999659184965187	0	267	0	0	0	0	0	0	0	0	0	0	0	0	0	0.0
0.012950971322849213	0	266	0	0	0	0	0	0	0	0	0	0	0	0	0	0.0
0.012853595598617264	0	264	0	0	0	0	0	0	0	0	0	0	0	0	0	0.0
0.01280490773650129	0	263	0	0	0	0	0	0	0	0	0	0	0	0	0	0.0
0.012756219874385315	0	262	0	0	0	0	0	0	0	0	0	0	0	0	0	0.0
0.012610156288037392	0	259	0	0	0	0	0	0	0	0	0	0	0	0	0	0.0
0.012561468425921417	0	258	0	0	0	0	0	0	0	0	0	0	0	0	0	0.0
0.012512780563805443	0	257	0	0	0	0	0	0	0	0	0	0	0	0	0	0.0
0.012464092701689468	0	256	0	0	0	0	0	0	0	0	0	0	0	0	0	0.0
0.012415404839573494	0	255	0	0	0	0	0	0	0	0	0	0	0	0	0	0.0
0.01236671697745752	0	254	0	0	0	0	0	0	0	0	0	0	0	0	0	0.0
0.01226934125322557	0	252	0	0	0	0	0	0	0	0	0	0	0	0	0	0.0
0.012171965528993621	0	250	0	0	0	0	0	0	0	0	0	0	0	0	0	0.0
0.012123277666877647	0	249	0	0	0	0	0	0	0	0	0	0	0	0	0	0.0
0.012074589804761672	0	248	0	0	0	0	0	0	0	0	0	0	0	0	0	0.0
0.011977214080529723	0	246	0	0	0	0	0	0	0	0	0	0	0	0	0	0.0
0.011782462632065826	0	242	0	0	0	0	0	0	0	0	0	0	0	0	0	0.0
0.011636399045717902	0	239	0	0	0	0	0	0	0	0	0	0	0	0	0	0.0
0.011490335459369979	0	236	0	0	0	0	0	0	0	0	0	0	0	0	0	0.0
0.01139295973513803	0	234	0	0	0	0	0	0	0	0	0	0	0	0	0	0.0
0.011344271873022055	0	233	0	0	0	0	0	0	0	0	0	0	0	0	0	0.0
0.01129558401090608	0	232	0	0	0	0	0	0	0	0	0	0	0	0	0	0.0
0.011246896148790106	0	231	0	0	0	0	0	0	0	0	0	0	0	0	0	0.0
0.011198208286674132	0	230	0	0	0	0	0	0	0	0	0	0	0	0	0	0.0
0.011149520424558157	0	229	0	0	0	0	0	0	0	0	0	0	0	0	0	0.0
0.011052144700326208	0	227	0	0	0	0	0	0	0	0	0	0	0	0	0	0.0
0.011003456838210234	0	226	0	0	0	0	0	0	0	0	0	0	0	0	0	0.0
0.01095476897609426	0	225	0	0	0	0	0	0	0	0	0	0	0	0	0	0.0
0.01085739325186231	0	223	0	0	0	0	0	0	0	0	0	0	0	0	0	0.0
0.010808705389746336	0	222	0	0	0	0	0	0	0	0	0	0	0	0	0	0.0
0.010711329665514387	0	220	0	0	0	0	0	0	0	0	0	0	0	0	0	0.0
0.010662641803398413	0	219	0	0	0	0	0	0	0	0	0	0	0	0	0	0.0
0.010516578217050489	0	216	0	0	0	0	0	0	0	0	0	0	0	0	0	0.0
0.010467890354934515	0	215	0	0	0	0	0	0	0	0	0	0	0	0	0	0.0
0.010370514630702566	0	213	0	0	0	0	0	0	0	0	0	0	0	0	0	0.0
0.010321826768586591	0	212	0	0	0	0	0	0	0	0	0	0	0	0	0	0.0
0.010224451044354642	0	210	0	0	0	0	0	0	0	0	0	0	0	0	0	0.0
0.010127075320122693	0	208	0	0	0	0	0	0	0	0	0	0	0	0	0	0.0
0.010029699595890744	0	206	0	0	0	0	0	0	0	0	0	0	0	0	0	0.0
0.009932323871658795	0	204	0	0	0	0	0	0	0	0	0	0	0	0	0	0.0
0.009834948147426846	0	202	0	0	0	0	0	0	0	0	0	0	0	0	0	0.0
0.009688884561078923	0	199	0	0	0	0	0	0	0	0	0	0	0	0	0	0.0
0.009640196698962948	0	198	0	0	0	0	0	0	0	0	0	0	0	0	0	0.0
0.009542820974731	0	196	0	0	0	0	0	0	0	0	0	0	0	0	0	0.0
0.00944544525049905	0	194	0	0	0	0	0	0	0	0	0	0	0	0	0	0.0
0.009348069526267102	0	192	0	0	0	0	0	0	0	0	0	0	0	0	0	0.0
0.009299381664151127	0	191	0	0	0	0	0	0	0	0	0	0	0	0	0	0.0
0.009250693802035153	0	190	0	0	0	0	0	0	0	0	0	0	0	0	0	0.0
0.00910463021568723	0	187	0	0	0	0	0	0	0	0	0	0	0	0	0	0.0
0.009055942353571255	0	186	0	0	0	0	0	0	0	0	0	0	0	0	0	0.0
0.008958566629339306	0	184	0	0	0	0	0	0	0	0	0	0	0	0	0	0.0
0.008909878767223331	0	183	0	0	0	0	0	0	0	0	0	0	0	0	0	0.0
0.008861190905107357	0	182	0	0	0	0	0	0	0	0	0	0	0	0	0	0.0
0.008715127318759433	0	179	0	0	0	0	0	0	0	0	0	0	0	0	0	0.0
0.008666439456643459	0	178	0	0	0	0	0	0	0	0	0	0	0	0	0	0.0
0.008617751594527484	0	177	0	0	0	0	0	0	0	0	0	0	0	0	0	0.0
0.00856906373241151	0	176	0	0	0	0	0	0	0	0	0	0	0	0	0	0.0
0.008520375870295535	0	175	0	0	0	0	0	0	0	0	0	0	0	0	0	0.0
0.008471688008179561	0	174	0	0	0	0	0	0	0	0	0	0	0	0	0	0.0
0.008423000146063587	0	173	0	0	0	0	0	0	0	0	0	0	0	0	0	0.0
0.008325624421831638	0	171	0	0	0	0	0	0	0	0	0	0	0	0	0	0.0
0.008228248697599689	0	169	0	0	0	0	0	0	0	0	0	0	0	0	0	0.0
0.008179560835483714	0	168	0	0	0	0	0	0	0	0	0	0	0	0	0	0.0
0.00813087297336774	0	167	0	0	0	0	0	0	0	0	0	0	0	0	0	0.0
0.008082185111251765	0	166	0	0	0	0	0	0	0	0	0	0	0	0	0	0.0
0.00803349724913579	0	165	0	0	0	0	0	0	0	0	0	0	0	0	0	0.0
0.007984809387019816	0	164	0	0	0	0	0	0	0	0	0	0	0	0	0	0.0
0.007936121524903842	0	163	0	0	0	0	0	0	0	0	0	0	0	0	0	0.0
0.007887433662787867	0	162	0	0	0	0	0	0	0	0	0	0	0	0	0	0.0
0.007838745800671893	0	161	0	0	0	0	0	0	0	0	0	0	0	0	0	0.0
0.007790057938555918	0	160	0	0	0	0	0	0	0	0	0	0	0	0	0	0.0
0.007741370076439944	0	159	0	0	0	0	0	0	0	0	0	0	0	0	0	0.0
0.007692682214323969	0	158	0	0	0	0	0	0	0	0	0	0	0	0	0	0.0
0.007643994352207995	0	157	0	0	0	0	0	0	0	0	0	0	0	0	0	0.0
0.00759530649009202	0	156	0	0	0	0	0	0	0	0	0	0	0	0	0	0.0
0.007546618627976046	0	155	0	0	0	0	0	0	0	0	0	0	0	0	0	0.0
0.007497930765860071	0	154	0	0	0	0	0	0	0	0	0	0	0	0	0	0.0
0.007449242903744097	0	153	0	0	0	0	0	0	0	0	0	0	0	0	0	0.0
0.007351867179512148	0	151	0	0	0	0	0	0	0	0	0	0	0	0	0	0.0
0.0073031793173961735	0	150	0	0	0	0	0	0	0	0	0	0	0	0	0	0.0
0.0072058035931642245	0	148	0	0	0	0	0	0	0	0	0	0	0	0	0	0.0
0.007059740006816301	0	145	0	0	0	0	0	0	0	0	0	0	0	0	0	0.0
0.007011052144700327	0	144	0	0	0	0	0	0	0	0	0	0	0	0	0	0.0
0.006962364282584352	0	143	0	0	0	0	0	0	0	0	0	0	0	0	0	0.0
0.006913676420468377	0	142	0	0	0	0	0	0	0	0	0	0	0	0	0	0.0
0.006864988558352402	0	141	0	0	0	0	0	0	0	0	0	0	0	0	0	0.0
0.006816300696236428	0	140	0	0	0	0	0	0	0	0	0	0	0	0	0	0.0
0.006767612834120453	0	139	0	0	0	0	0	0	0	0	0	0	0	0	0	0.0
0.006670237109888504	0	137	0	0	0	0	0	0	0	0	0	0	0	0	0	0.0
0.00662154924777253	0	136	0	0	0	0	0	0	0	0	0	0	0	0	0	0.0
0.006524173523540581	0	134	0	0	0	0	0	0	0	0	0	0	0	0	0	0.0
0.0064754856614246065	0	133	0	0	0	0	0	0	0	0	0	0	0	0	0	0.0
0.006426797799308632	0	132	0	0	0	0	0	0	0	0	0	0	0	0	0	0.0
0.006280734212960709	0	129	0	0	0	0	0	0	0	0	0	0	0	0	0	0.0
0.006232046350844734	0	128	0	0	0	0	0	0	0	0	0	0	0	0	0	0.0
0.00618335848872876	0	127	0	0	0	0	0	0	0	0	0	0	0	0	0	0.0
0.006134670626612785	0	126	0	0	0	0	0	0	0	0	0	0	0	0	0	0.0
0.006085982764496811	0	125	0	0	0	0	0	0	0	0	0	0	0	0	0	0.0
0.006037294902380836	0	124	0	0	0	0	0	0	0	0	0	0	0	0	0	0.0
0.005988607040264862	0	123	0	0	0	0	0	0	0	0	0	0	0	0	0	0.0
0.005939919178148887	0	122	0	0	0	0	0	0	0	0	0	0	0	0	0	0.0
0.005842543453916938	0	120	0	0	0	0	0	0	0	0	0	0	0	0	0	0.0
0.005745167729684989	0	118	0	0	0	0	0	0	0	0	0	0	0	0	0	0.0
0.005696479867569015	0	117	0	0	0	0	0	0	0	0	0	0	0	0	0	0.0
0.00564779200545304	0	116	0	0	0	0	0	0	0	0	0	0	0	0	0	0.0
0.005599104143337066	0	115	0	0	0	0	0	0	0	0	0	0	0	0	0	0.0
0.005550416281221091	0	114	0	0	0	0	0	0	0	0	0	0	0	0	0	0.0
0.005501728419105117	0	113	0	0	0	0	0	0	0	0	0	0	0	0	0	0.0
0.005404352694873168	0	111	0	0	0	0	0	0	0	0	0	0	0	0	0	0.0
0.005306976970641219	0	109	0	0	0	0	0	0	0	0	0	0	0	0	0	0.0
0.0052582891085252445	0	108	0	0	0	0	0	0	0	0	0	0	0	0	0	0.0
0.00520960124640927	0	107	0	0	0	0	0	0	0	0	0	0	0	0	0	0.0
0.005160913384293296	0	106	0	0	0	0	0	0	0	0	0	0	0	0	0	0.0
0.005112225522177321	0	105	0	0	0	0	0	0	0	0	0	0	0	0	0	0.0
0.005063537660061347	0	104	0	0	0	0	0	0	0	0	0	0	0	0	0	0.0
0.005014849797945372	0	103	0	0	0	0	0	0	0	0	0	0	0	0	0	0.0
0.004966161935829398	0	102	0	0	0	0	0	0	0	0	0	0	0	0	0	0.0
0.004917474073713423	0	101	0	0	0	0	0	0	0	0	0	0	0	0	0	0.0
0.004868786211597449	0	100	0	0	0	0	0	0	0	0	0	0	0	0	0	0.0
0.004820098349481474	0	99	0	0	0	0	0	0	0	0	0	0	0	0	0	0.0
0.0047714104873655	0	98	0	0	0	0	0	0	0	0	0	0	0	0	0	0.0
0.004722722625249525	0	97	0	0	0	0	0	0	0	0	0	0	0	0	0	0.0
0.004674034763133551	0	96	0	0	0	0	0	0	0	0	0	0	0	0	0	0.0
0.004625346901017576	0	95	0	0	0	0	0	0	0	0	0	0	0	0	0	0.0
0.004576659038901602	0	94	0	0	0	0	0	0	0	0	0	0	0	0	0	0.0
0.004527971176785627	0	93	0	0	0	0	0	0	0	0	0	0	0	0	0	0.0
0.004479283314669653	0	92	0	0	0	0	0	0	0	0	0	0	0	0	0	0.0
0.004430595452553678	0	91	0	0	0	0	0	0	0	0	0	0	0	0	0	0.0
0.004381907590437704	0	90	0	0	0	0	0	0	0	0	0	0	0	0	0	0.0
0.0043332197283217294	0	89	0	0	0	0	0	0	0	0	0	0	0	0	0	0.0
0.004284531866205755	0	88	0	0	0	0	0	0	0	0	0	0	0	0	0	0.0
0.0042358440040897805	0	87	0	0	0	0	0	0	0	0	0	0	0	0	0	0.0
0.004187156141973806	0	86	0	0	0	0	0	0	0	0	0	0	0	0	0	0.0
0.004089780417741857	0	84	0	0	0	0	0	0	0	0	0	0	0	0	0	0.0
0.003992404693509908	0	82	0	0	0	0	0	0	0	0	0	0	0	0	0	0.0
0.003943716831393934	0	81	0	0	0	0	0	0	0	0	0	0	0	0	0	0.0
0.003895028969277959	0	80	0	0	0	0	0	0	0	0	0	0	0	0	0	0.0
0.0038463411071619847	0	79	0	0	0	0	0	0	0	0	0	0	0	0	0	0.0
0.00379765324504601	0	78	0	0	0	0	0	0	0	0	0	0	0	0	0	0.0
0.0037489653829300357	0	77	0	0	0	0	0	0	0	0	0	0	0	0	0	0.0
0.0037002775208140612	0	76	0	0	0	0	0	0	0	0	0	0	0	0	0	0.0
0.0036515896586980868	0	75	0	0	0	0	0	0	0	0	0	0	0	0	0	0.0
0.003554213934466138	0	73	0	0	0	0	0	0	0	0	0	0	0	0	0	0.0
0.0035055260723501633	0	72	0	0	0	0	0	0	0	0	0	0	0	0	0	0.0
0.0034568382102341884	0	71	0	0	0	0	0	0	0	0	0	0	0	0	0	0.0
0.003408150348118214	0	70	0	0	0	0	0	0	0	0	0	0	0	0	0	0.0
0.0033594624860022394	0	69	0	0	0	0	0	0	0	0	0	0	0	0	0	0.0
0.003310774623886265	0	68	0	0	0	0	0	0	0	0	0	0	0	0	0	0.0
0.0032620867617702905	0	67	0	0	0	0	0	0	0	0	0	0	0	0	0	0.0
0.003213398899654316	0	66	0	0	0	0	0	0	0	0	0	0	0	0	0	0.0
0.0031647110375383415	0	65	0	0	0	0	0	0	0	0	0	0	0	0	0	0.0
0.003116023175422367	0	64	0	0	0	0	0	0	0	0	0	0	0	0	0	0.0
0.0030673353133063926	0	63	0	0	0	0	0	0	0	0	0	0	0	0	0	0.0
0.003018647451190418	0	62	0	0	0	0	0	0	0	0	0	0	0	0	0	0.0
0.0029699595890744436	0	61	0	0	0	0	0	0	0	0	0	0	0	0	0	0.0
0.0028725838648424947	0	59	0	0	0	0	0	0	0	0	0	0	0	0	0	0.0
0.00282389600272652	0	58	0	0	0	0	0	0	0	0	0	0	0	0	0	0.0
0.0027752081406105457	0	57	0	0	0	0	0	0	0	0	0	0	0	0	0	0.0
0.0026778324163785967	0	55	0	0	0	0	0	0	0	0	0	0	0	0	0	0.0
0.0026291445542626223	0	54	0	0	0	0	0	0	0	0	0	0	0	0	0	0.0
0.002580456692146648	0	53	0	0	0	0	0	0	0	0	0	0	0	0	0	0.0
0.0025317688300306733	0	52	0	0	0	0	0	0	0	0	0	0	0	0	0	0.0
0.002483080967914699	0	51	0	0	0	0	0	0	0	0	0	0	0	0	0	0.0
0.0024343931057987244	0	50	0	0	0	0	0	0	0	0	0	0	0	0	0	0.0
0.00238570524368275	0	49	0	0	0	0	0	0	0	0	0	0	0	0	0	0.0
0.0023370173815667754	0	48	0	0	0	0	0	0	0	0	0	0	0	0	0	0.0
0.0022396416573348264	0	46	0	0	0	0	0	0	0	0	0	0	0	0	0	0.0
0.002190953795218852	0	45	0	0	0	0	0	0	0	0	0	0	0	0	0	0.0
0.0021422659331028775	0	44	0	0	0	0	0	0	0	0	0	0	0	0	0	0.0
0.002093578070986903	0	43	0	0	0	0	0	0	0	0	0	0	0	0	0	0.0
0.0020448902088709285	0	42	0	0	0	0	0	0	0	0	0	0	0	0	0	0.0
0.0019475144846389796	0	40	0	0	0	0	0	0	0	0	0	0	0	0	0	0.0
0.001898826622523005	0	39	0	0	0	0	0	0	0	0	0	0	0	0	0	0.0
0.0018501387604070306	0	38	0	0	0	0	0	0	0	0	0	0	0	0	0	0.0
0.0018014508982910561	0	37	0	0	0	0	0	0	0	0	0	0	0	0	0	0.0
0.0017527630361750817	0	36	0	0	0	0	0	0	0	0	0	0	0	0	0	0.0
0.001704075174059107	0	35	0	0	0	0	0	0	0	0	0	0	0	0	0	0.0
0.0016553873119431325	0	34	0	0	0	0	0	0	0	0	0	0	0	0	0	0.0
0.001606699449827158	0	33	0	0	0	0	0	0	0	0	0	0	0	0	0	0.0
0.0015580115877111835	0	32	0	0	0	0	0	0	0	0	0	0	0	0	0	0.0
0.001509323725595209	0	31	0	0	0	0	0	0	0	0	0	0	0	0	0	0.0
0.0014606358634792346	0	30	0	0	0	0	0	0	0	0	0	0	0	0	0	0.0
0.00141194800136326	0	29	0	0	0	0	0	0	0	0	0	0	0	0	0	0.0
0.0013632601392472856	0	28	0	0	0	0	0	0	0	0	0	0	0	0	0	0.0
0.0013145722771313111	0	27	0	0	0	0	0	0	0	0	0	0	0	0	0	0.0
0.0012658844150153367	0	26	0	0	0	0	0	0	0	0	0	0	0	0	0	0.0
0.0012171965528993622	0	25	0	0	0	0	0	0	0	0	0	0	0	0	0	0.0
0.0011685086907833877	0	24	0	0	0	0	0	0	0	0	0	0	0	0	0	0.0
0.0011198208286674132	0	23	0	0	0	0	0	0	0	0	0	0	0	0	0	0.0
0.0010711329665514387	0	22	0	0	0	0	0	0	0	0	0	0	0	0	0	0.0
0.0010224451044354643	0	21	0	0	0	0	0	0	0	0	0	0	0	0	0	0.0
9.737572423194898E-4	0	20	0	0	0	0	0	0	0	0	0	0	0	0	0	0.0
9.250693802035153E-4	0	19	0	0	0	0	0	0	0	0	0	0	0	0	0	0.0
8.763815180875408E-4	0	18	0	0	0	0	0	0	0	0	0	0	0	0	0	0.0
8.276936559715662E-4	0	17	0	0	0	0	0	0	0	0	0	0	0	0	0	0.0
7.790057938555918E-4	0	16	0	0	0	0	0	0	0	0	0	0	0	0	0	0.0
7.303179317396173E-4	0	15	0	0	0	0	0	0	0	0	0	0	0	0	0	0.0
6.816300696236428E-4	0	14	0	0	0	0	0	0	0	0	0	0	0	0	0	0.0
6.329422075076683E-4	0	13	0	0	0	0	0	0	0	0	0	0	0	0	0	0.0
5.842543453916938E-4	0	12	0	0	0	0	0	0	0	0	0	0	0	0	0	0.0
5.355664832757194E-4	0	11	0	0	0	0	0	0	0	0	0	0	0	0	0	0.0
4.868786211597449E-4	0	10	0	0	0	0	0	0	0	0	0	0	0	0	0	0.0
4.381907590437704E-4	0	9	0	0	0	0	0	0	0	0	0	0	0	0	0	0.0
3.895028969277959E-4	0	8	0	0	0	0	0	0	0	0	0	0	0	0	0	0.0
3.408150348118214E-4	0	7	0	0	0	0	0	0	0	0	0	0	0	0	0	0.0
2.921271726958469E-4	0	6	0	0	0	0	0	0	0	0	0	0	0	0	0	0.0
2.4343931057987245E-4	0	5	0	0	0	0	0	0	0	0	0	0	0	0	0	0.0
1.9475144846389794E-4	0	4	0	0	0	0	0	0	0	0	0	0	0	0	0	0.0
1.4606358634792346E-4	0	3	0	0	0	0	0	0	0	0	0	0	0	0	0	0.0
9.737572423194897E-5	0	2	0	0	0	0	0	0	0	0	0	0	0	0	0	0.0
