Percent subgroups	3_GP_06_08_10_	4_GP_06_08_09_10_	2_GP_06_09_	2_GP_06_08_	1_GP_09_	1_GP_08_	2_GP_08_10_	3_GP_06_09_10_	2_GP_06_10_	3_GP_06_08_09_	1_GP_06_	2_GP_08_09_	1_GP_10_	3_GP_08_09_10_	2_GP_09_10_	OnePepPercent
1.0	5816	1272692	752	240	2806	1208	4052	7238	19222	11610	3282	10928	16458	104174	8220	0.3634988656415427
1.0	5816	1272692	752	240	2806	1208	4052	7238	19222	11610	3282	10928	16458	104174	8220	0.3634988656415427
0.7871448819868121	5816	1272692	752	240	1208	310	4052	7238	19222	11610	2572	10928	12756	104174	8220	0.10694167605511742
0.6962469957478277	5816	1272692	716	208	592	122	3688	7238	19110	11610	1864	10376	10008	104174	7676	0.04359874376501016
0.6391816108954212	5792	1272692	632	184	334	68	3244	7220	18660	11592	1720	9512	8004	103778	6902	0.021670606776989756
0.5943181117889936	5720	1272684	560	136	190	52	2908	7156	18260	11544	1432	8688	6164	102962	6054	0.013025210084033614
0.5597461021753867	5680	1272634	390	116	130	42	2358	7076	17720	11434	1222	8008	4804	101942	5344	0.008214008214008214
0.53256917483207	5572	1272538	330	104	82	30	2070	6944	17060	11290	1042	7324	3892	100754	4576	0.006170683432297124
0.5084735317680409	5446	1272328	316	76	68	30	1818	6678	16430	11024	902	6750	3276	98976	4016	0.005116335729077841
0.48665803907068467	5334	1271960	300	76	36	30	1578	6550	15662	10736	742	6174	2652	97056	3584	0.0035582666158342864
0.46823195908054477	5154	1271474	282	58	0	30	1380	6334	15230	10412	634	5706	2130	95076	3188	0.002771545466543487
0.4506686386886054	5054	1270714	242	58	0	30	1120	6134	14630	10232	514	5286	1710	92856	2808	0.0023300438596491227
0.43427620632279534	4856	1269878	242	58	0	30	966	5716	14036	10100	404	4824	1380	90810	2236	0.0017057569296375266
0.4193627904110433	4664	1268750	242	58	0	30	918	5524	13268	9932	404	4392	1308	88314	1924	0.001324308416715715
0.40722253035065015	4378	1267658	190	32	0	30	788	5394	12774	9828	378	4054	1048	86286	1768	9.088155104513784E-4
0.39563690146052877	4322	1266566	190	32	0	30	676	5198	12298	9604	378	3522	880	84018	1628	7.79423226812159E-4
0.38349664140013556	4262	1264676	190	32	0	0	616	4958	11878	9394	348	3252	760	81678	1388	8.041170794467674E-4
0.3716028840820854	4038	1263108	190	0	0	0	520	4510	11238	9202	316	2996	632	79374	1132	8.298755186721991E-4
0.36242065692980835	3970	1261374	190	0	0	0	486	4374	10796	8998	316	2520	530	77538	1098	5.103776794828172E-4
0.3526837986072595	3862	1259358	118	0	0	0	486	4230	10436	8746	316	2232	458	75198	1062	5.244755244755245E-4
0.34350157145498245	3672	1257534	80	0	0	0	372	4078	9980	8480	316	2118	420	72880	910	5.385029617662897E-4
0.3347507241018056	3552	1255534	80	0	0	0	292	3878	9620	8360	156	2078	380	70480	750	5.525879535826119E-4
0.3273556418315154	3342	1253686	80	0	0	0	250	3794	9452	8276	156	1784	380	68170	750	3.766478342749529E-4
0.32106982190176864	3298	1251706	80	0	0	0	206	3662	8968	8232	156	1696	336	66542	750	3.8402457757296467E-4
0.31404449374499294	3298	1249820	80	0	0	0	114	3432	8692	7910	156	1512	336	64288	750	1.9627085377821394E-4
0.3052936463918161	3106	1247036	80	0	0	0	114	3288	8164	7718	156	1368	336	61600	606	2.018978396931153E-4
0.2983915696062119	3106	1244336	80	0	0	0	114	3088	7914	7668	156	1218	286	59500	506	0.0
0.29222900104763666	3106	1241736	80	0	0	0	114	2984	7706	7616	156	1166	234	57368	506	0.0
0.28538854994761814	2890	1238766	80	0	0	0	60	2930	7490	7346	156	1004	234	55370	452	0.0
0.2796573611881432	2890	1236526	80	0	0	0	60	2762	7210	7122	156	948	234	53186	396	0.0
0.27522031182596907	2832	1234206	80	0	0	0	60	2704	7094	6948	156	832	234	51852	396	0.0
0.27047513403586615	2832	1231986	80	0	0	0	0	2704	6854	6888	156	832	174	49932	336	0.0
0.2648671966475627	2832	1228266	80	0	0	0	0	2642	6606	6826	156	708	174	48568	274	0.0
0.2598755161151168	2768	1224810	80	0	0	0	0	2642	6158	6762	156	708	174	47480	210	0.0
0.25543846675294263	2702	1222104	80	0	0	0	0	2576	5894	6630	156	576	174	46094	210	0.0
0.2512479201331115	2702	1219588	80	0	0	0	0	2440	5758	6358	156	576	174	44530	210	0.0
0.24681087077093733	2562	1216368	80	0	0	0	0	2370	5548	6358	156	576	174	43130	210	0.0
0.24268194983669195	2418	1213560	80	0	0	0	0	2370	5404	6142	156	576	174	41690	138	0.0
0.23879953164478954	2270	1210674	80	0	0	0	0	2222	5182	6068	156	576	174	40506	138	0.0
0.23442410796820115	2270	1207026	80	0	0	0	0	2222	4878	6068	80	576	174	39138	138	0.0
0.23103469526098477	2270	1204374	80	0	0	0	0	2222	4800	5834	80	576	174	37812	138	0.0
0.2281999137240402	2270	1202214	0	0	0	0	0	1982	4720	5834	0	576	94	36852	138	0.0
0.223516361619523	2106	1197868	0	0	0	0	0	1982	4556	5752	0	494	94	35458	138	0.0
0.21926418931410613	1938	1194004	0	0	0	0	0	1898	4304	5668	0	494	94	34114	138	0.0
0.21562827386454675	1766	1190306	0	0	0	0	0	1898	4304	5668	0	494	94	32910	138	0.0
0.21230048684291614	1678	1186698	0	0	0	0	0	1722	4040	5668	0	494	94	32294	138	0.0
0.20934245393480003	1498	1183278	0	0	0	0	0	1722	4040	5668	0	404	94	31664	138	0.0
0.20663092376902692	1498	1180058	0	0	0	0	0	1630	3948	5484	0	404	94	31204	138	0.0
0.20385776791766808	1498	1176486	0	0	0	0	0	1630	3948	5390	0	404	0	30734	138	0.0
0.2012694891230665	1498	1173318	0	0	0	0	0	1630	3948	5294	0	404	0	29966	138	0.0
0.1983114562149504	1302	1169986	0	0	0	0	0	1630	3850	5098	0	306	0	29182	138	0.0
0.19590805447710605	1102	1167086	0	0	0	0	0	1630	3650	4998	0	306	0	28682	138	0.0
0.1932581499969187	1102	1163924	0	0	0	0	0	1528	3650	4896	0	306	0	27662	138	0.0
0.19060824551673136	998	1160180	0	0	0	0	0	1528	3546	4896	0	306	0	27142	138	0.0
0.18801996672212978	998	1156152	0	0	0	0	0	1528	3546	4684	0	306	0	26930	138	0.0
0.18635607321131448	998	1153776	0	0	0	0	0	1528	3546	4576	0	306	0	26498	138	0.0
0.18382942010229864	888	1150036	0	0	0	0	0	1528	3326	4466	0	306	0	26168	138	0.0
0.18198064953472606	888	1147460	0	0	0	0	0	1528	3214	4354	0	306	0	25608	138	0.0
0.1798853762248105	888	1144268	0	0	0	0	0	1528	3100	4240	0	306	0	25152	138	0.0
0.17779010291489492	772	1141368	0	0	0	0	0	1412	2984	3892	0	306	0	24804	138	0.0
0.1758797066617366	772	1138182	0	0	0	0	0	1294	2984	3774	0	188	0	24686	138	0.0
0.17347630492389227	772	1134702	0	0	0	0	0	1294	2864	3774	0	188	0	23606	138	0.0
0.1711345288716337	772	1130188	0	0	0	0	0	1294	2864	3652	0	188	0	23606	138	0.0
0.16885437850496088	772	1127088	0	0	0	0	0	1294	2740	3652	0	188	0	22242	138	0.0
0.16694398225180254	772	1124064	0	0	0	0	0	1294	2740	3400	0	188	0	21612	138	0.0
0.1649719603130585	772	1120736	0	0	0	0	0	1294	2740	3272	0	188	0	20972	138	0.0
0.16330806680224316	772	1117486	0	0	0	0	0	1164	2740	3272	0	188	0	20842	138	0.0
0.16158254760584212	772	1114318	0	0	0	0	0	1164	2740	3140	0	188	0	20446	138	0.0
0.1597954027238553	772	1111102	0	0	0	0	0	1030	2606	3140	0	188	0	20044	138	0.0
0.15856288901214027	772	1108926	0	0	0	0	0	1030	2606	3004	0	188	0	19636	138	0.0
0.15677574413015344	772	1106166	0	0	0	0	0	1030	2330	2866	0	188	0	18946	0	0.0
0.1551734763049239	772	1102666	0	0	0	0	0	1030	2330	2866	0	188	0	18806	0	0.0
0.15369445985086583	772	1099968	0	0	0	0	0	1030	2188	2866	0	188	0	18238	0	0.0
0.15227706908239355	772	1097232	0	0	0	0	0	1030	2188	2578	0	188	0	17950	0	0.0
0.15061317557157824	772	1093728	0	0	0	0	0	1030	2188	2578	0	188	0	17512	0	0.0
0.14888765637517717	772	1090324	0	0	0	0	0	734	2188	2430	0	188	0	17216	0	0.0
0.1470388858076046	772	1086424	0	0	0	0	0	734	2038	2430	0	188	0	16766	0	0.0
0.14599124915264683	772	1084600	0	0	0	0	0	734	2038	2430	0	188	0	16006	0	0.0
0.1440808528994885	772	1080134	0	0	0	0	0	734	1884	2430	0	188	0	15852	0	0.0
0.14247858507425895	772	1076390	0	0	0	0	0	734	1884	2430	0	188	0	15540	0	0.0
0.14093794293461515	614	1072598	0	0	0	0	0	734	1884	2430	0	188	0	15540	0	0.0
0.13915079805262834	614	1068278	0	0	0	0	0	574	1884	2430	0	188	0	15380	0	0.0
0.1379182843409133	614	1065200	0	0	0	0	0	574	1884	2430	0	188	0	15218	0	0.0
0.1363776422012695	614	1061264	0	0	0	0	0	574	1884	2430	0	188	0	15054	0	0.0
0.1345904973192827	448	1056782	0	0	0	0	0	574	1884	2430	0	188	0	14888	0	0.0
0.13274172675171012	448	1052078	0	0	0	0	0	574	1884	2430	0	188	0	14552	0	0.0
0.13089295618413754	448	1047998	0	0	0	0	0	574	1714	2260	0	188	0	13872	0	0.0
0.129783693843594	448	1045074	0	0	0	0	0	574	1714	2260	0	188	0	13700	0	0.0
0.12867443150305047	448	1042464	0	0	0	0	0	574	1714	2086	0	188	0	13352	0	0.0
0.12713378936340666	448	1038240	0	0	0	0	0	574	1714	2086	0	188	0	13176	0	0.0
0.1259629013372774	448	1035036	0	0	0	0	0	574	1714	2086	0	188	0	12998	0	0.0
0.12485363899673384	448	1031976	0	0	0	0	0	574	1714	2086	0	188	0	12818	0	0.0
0.12343624822826153	448	1028336	0	0	0	0	0	574	1532	2086	0	188	0	12454	0	0.0
0.12214210883096074	448	1025208	0	0	0	0	0	574	1532	1718	0	188	0	12086	0	0.0
0.1210328464904172	448	1022604	0	0	0	0	0	574	1532	1532	0	188	0	11528	0	0.0
0.11973870709311642	260	1019408	0	0	0	0	0	574	1532	1532	0	0	0	11152	0	0.0
0.11906082455167313	260	1017508	0	0	0	0	0	574	1532	1342	0	0	0	11152	0	0.0
0.11758180809761509	260	1013476	0	0	0	0	0	574	1340	1150	0	0	0	10960	0	0.0
0.11622604301472854	260	1009402	0	0	0	0	0	574	1340	1150	0	0	0	10766	0	0.0
0.11487027793184199	260	1005678	0	0	0	0	0	574	1340	1150	0	0	0	10178	0	0.0
0.11363776422012695	260	1001916	0	0	0	0	0	574	1142	1150	0	0	0	10178	0	0.0
0.11252850187958341	260	998916	0	0	0	0	0	574	1142	1150	0	0	0	9578	0	0.0
0.1111111111111111	260	994674	0	0	0	0	0	574	1142	1150	0	0	0	9174	0	0.0
0.11030997719849633	260	992430	0	0	0	0	0	370	1142	1150	0	0	0	8970	0	0.0
0.10938559191471005	260	989340	0	0	0	0	0	370	1142	1150	0	0	0	8970	0	0.0
0.10827632957416651	260	985804	0	0	0	0	0	370	1142	1150	0	0	0	8762	0	0.0
0.10729031860479447	260	982864	0	0	0	0	0	370	932	940	0	0	0	8762	0	0.0
0.10630430763542244	260	979896	0	0	0	0	0	370	932	940	0	0	0	8338	0	0.0
0.10488691686695015	260	975188	0	0	0	0	0	370	932	940	0	0	0	8124	0	0.0
0.10414740863992111	260	972596	0	0	0	0	0	370	932	940	0	0	0	8124	0	0.0
0.10340790041289209	260	970198	0	0	0	0	0	370	714	940	0	0	0	8124	0	0.0
0.10205213533000555	260	966018	0	0	0	0	0	370	714	720	0	0	0	7684	0	0.0
0.10131262710297652	260	963354	0	0	0	0	0	370	714	720	0	0	0	7684	0	0.0
0.10038824181919023	260	960218	0	0	0	0	0	370	490	720	0	0	0	7684	0	0.0
0.09921735379306094	260	955924	0	0	0	0	0	370	490	720	0	0	0	7684	0	0.0
0.09841621988044617	260	953416	0	0	0	0	0	370	490	720	0	0	0	7228	0	0.0
0.09749183459665989	260	950196	0	0	0	0	0	370	490	720	0	0	0	6998	0	0.0
0.09650582362728785	260	946948	0	0	0	0	0	370	490	488	0	0	0	6766	0	0.0
0.09576631540025883	260	944374	0	0	0	0	0	370	490	488	0	0	0	6532	0	0.0
0.0950268071732298	260	941542	0	0	0	0	0	370	490	488	0	0	0	6532	0	0.0
0.09416404757502927	260	938210	0	0	0	0	0	370	490	488	0	0	0	6532	0	0.0
0.09305478523448574	260	934610	0	0	0	0	0	370	490	248	0	0	0	6052	0	0.0
0.09237690269304245	260	931948	0	0	0	0	0	370	490	248	0	0	0	6052	0	0.0
0.09145251740925618	260	928532	0	0	0	0	0	370	246	248	0	0	0	6052	0	0.0
0.09071300918222715	260	926072	0	0	0	0	0	370	0	248	0	0	0	5806	0	0.0
0.09009675232636963	260	923840	0	0	0	0	0	370	0	0	0	0	0	5806	0	0.0
0.08948049547051211	260	921840	0	0	0	0	0	370	0	0	0	0	0	5306	0	0.0
0.08849448450114007	260	917808	0	0	0	0	0	370	0	0	0	0	0	5306	0	0.0
0.0876933505885253	260	914506	0	0	0	0	0	370	0	0	0	0	0	5306	0	0.0
0.08676896530473902	260	910922	0	0	0	0	0	370	0	0	0	0	0	5050	0	0.0
0.08621433413446725	260	908600	0	0	0	0	0	370	0	0	0	0	0	5050	0	0.0
0.08535157453626671	0	905480	0	0	0	0	0	370	0	0	0	0	0	4790	0	0.0
0.08479694336599494	0	903122	0	0	0	0	0	370	0	0	0	0	0	4790	0	0.0
0.08405743513896592	0	899954	0	0	0	0	0	370	0	0	0	0	0	4790	0	0.0
0.08337955259752265	0	897028	0	0	0	0	0	370	0	0	0	0	0	4790	0	0.0
0.08282492142725088	0	894616	0	0	0	0	0	370	0	0	0	0	0	4790	0	0.0
0.08245516731373637	0	892996	0	0	0	0	0	370	0	0	0	0	0	4790	0	0.0
0.08171565908670735	0	889732	0	0	0	0	0	370	0	0	0	0	0	4790	0	0.0
0.08116102791643558	0	887814	0	0	0	0	0	370	0	0	0	0	0	4242	0	0.0
0.08029826831823504	0	884226	0	0	0	0	0	370	0	0	0	0	0	3966	0	0.0
0.07974363714796327	0	881724	0	0	0	0	0	370	0	0	0	0	0	3966	0	0.0
0.07894250323534849	0	878084	0	0	0	0	0	370	0	0	0	0	0	3966	0	0.0
0.07820299500831947	0	874982	0	0	0	0	0	370	0	0	0	0	0	3684	0	0.0
0.07758673815246195	0	872142	0	0	0	0	0	370	0	0	0	0	0	3684	0	0.0
0.0774018610957047	0	871284	0	0	0	0	0	370	0	0	0	0	0	3684	0	0.0
0.07697048129660443	0	869268	0	0	0	0	0	370	0	0	0	0	0	3684	0	0.0
0.07641585012633266	0	866658	0	0	0	0	0	370	0	0	0	0	0	3684	0	0.0
0.07586121895606089	0	864322	0	0	0	0	0	370	0	0	0	0	0	3392	0	0.0
0.07524496210020336	0	861676	0	0	0	0	0	370	0	0	0	0	0	3098	0	0.0
0.07438220250200284	0	857532	0	0	0	0	0	370	0	0	0	0	0	3098	0	0.0
0.07358106858938805	0	853658	0	0	0	0	0	370	0	0	0	0	0	3098	0	0.0
0.0731496887902878	0	851558	0	0	0	0	0	370	0	0	0	0	0	3098	0	0.0
0.07296481173353053	0	850652	0	0	0	0	0	370	0	0	0	0	0	3098	0	0.0
0.07247180624884451	0	848524	0	0	0	0	0	370	0	0	0	0	0	2794	0	0.0
0.07216367782091576	0	846994	0	0	0	0	0	370	0	0	0	0	0	2794	0	0.0
0.07179392370740124	0	845146	0	0	0	0	0	370	0	0	0	0	0	2794	0	0.0
0.07136254390830098	0	843286	0	0	0	0	0	370	0	0	0	0	0	2484	0	0.0
0.07074628705244346	0	840478	0	0	0	0	0	370	0	0	0	0	0	2172	0	0.0
0.07031490725334319	0	838280	0	0	0	0	0	370	0	0	0	0	0	2172	0	0.0
0.06982190176865717	0	835752	0	0	0	0	0	370	0	0	0	0	0	2172	0	0.0
0.06939052196955692	0	833526	0	0	0	0	0	370	0	0	0	0	0	2172	0	0.0
0.06895914217045665	0	831286	0	0	0	0	0	370	0	0	0	0	0	2172	0	0.0
0.06840451100018488	0	828710	0	0	0	0	0	370	0	0	0	0	0	1850	0	0.0
0.06797313120108461	0	826442	0	0	0	0	0	370	0	0	0	0	0	1850	0	0.0
0.0676033770875701	0	824486	0	0	0	0	0	370	0	0	0	0	0	1850	0	0.0
0.06704874591729833	0	821534	0	0	0	0	0	370	0	0	0	0	0	1850	0	0.0
0.06661736611819806	0	819224	0	0	0	0	0	370	0	0	0	0	0	1850	0	0.0
0.06637086337585506	0	817896	0	0	0	0	0	370	0	0	0	0	0	1850	0	0.0
0.06563135514882604	0	813888	0	0	0	0	0	370	0	0	0	0	0	1850	0	0.0
0.06519997534972577	0	811536	0	0	0	0	0	370	0	0	0	0	0	1850	0	0.0
0.06507672397855425	0	810860	0	0	0	0	0	370	0	0	0	0	0	1850	0	0.0
0.06439884143711098	0	807120	0	0	0	0	0	370	0	0	0	0	0	1850	0	0.0
0.06427559006593948	0	806436	0	0	0	0	0	370	0	0	0	0	0	1850	0	0.0
0.06372095889566771	0	803340	0	0	0	0	0	370	0	0	0	0	0	1850	0	0.0
0.0632279534109817	0	800572	0	0	0	0	0	370	0	0	0	0	0	1850	0	0.0
0.06279657361188143	0	798136	0	0	0	0	0	370	0	0	0	0	0	1850	0	0.0
0.06205706538485241	0	794286	0	0	0	0	0	370	0	0	0	0	0	1500	0	0.0
0.06144080852899488	0	790766	0	0	0	0	0	370	0	0	0	0	0	1500	0	0.0
0.06100942872989462	0	788288	0	0	0	0	0	370	0	0	0	0	0	1500	0	0.0
0.060639674616380104	0	786508	0	0	0	0	0	370	0	0	0	0	0	1144	0	0.0
0.060269920502865594	0	784360	0	0	0	0	0	370	0	0	0	0	0	1144	0	0.0
0.059838540703765326	0	781840	0	0	0	0	0	370	0	0	0	0	0	1144	0	0.0
0.059468786590250816	0	779668	0	0	0	0	0	370	0	0	0	0	0	1144	0	0.0
0.05922228384790781	0	778212	0	0	0	0	0	370	0	0	0	0	0	1144	0	0.0
0.0589757811055648	0	776748	0	0	0	0	0	370	0	0	0	0	0	1144	0	0.0
0.05823627287853577	0	772700	0	0	0	0	0	370	0	0	0	0	0	776	0	0.0
0.05762001602267825	0	769370	0	0	0	0	0	0	0	0	0	0	0	776	0	0.0
0.05743513896592099	0	768254	0	0	0	0	0	0	0	0	0	0	0	776	0	0.0
0.05706538485240648	0	766010	0	0	0	0	0	0	0	0	0	0	0	776	0	0.0
0.056880507795649224	0	764882	0	0	0	0	0	0	0	0	0	0	0	776	0	0.0
0.056510753682134714	0	762614	0	0	0	0	0	0	0	0	0	0	0	776	0	0.0
0.056079373883034446	0	759954	0	0	0	0	0	0	0	0	0	0	0	776	0	0.0
0.055647994083934185	0	757280	0	0	0	0	0	0	0	0	0	0	0	776	0	0.0
0.055093362913662416	0	754208	0	0	0	0	0	0	0	0	0	0	0	392	0	0.0
0.0547236088001479	0	751892	0	0	0	0	0	0	0	0	0	0	0	392	0	0.0
0.05441548037221914	0	749952	0	0	0	0	0	0	0	0	0	0	0	392	0	0.0
0.05410735194429038	0	748002	0	0	0	0	0	0	0	0	0	0	0	392	0	0.0
0.05361434645960436	0	745258	0	0	0	0	0	0	0	0	0	0	0	0	0	0.0
0.05299808960374684	0	741318	0	0	0	0	0	0	0	0	0	0	0	0	0	0.0
0.05262833549023233	0	738942	0	0	0	0	0	0	0	0	0	0	0	0	0	0.0
0.05238183274788932	0	737350	0	0	0	0	0	0	0	0	0	0	0	0	0	0.0
0.051950452948789055	0	734550	0	0	0	0	0	0	0	0	0	0	0	0	0	0.0
0.051580698835274545	0	732138	0	0	0	0	0	0	0	0	0	0	0	0	0	0.0
0.05139582177851729	0	730926	0	0	0	0	0	0	0	0	0	0	0	0	0	0.0
0.05108769335058853	0	728896	0	0	0	0	0	0	0	0	0	0	0	0	0	0.0
0.05090281629383127	0	727672	0	0	0	0	0	0	0	0	0	0	0	0	0	0.0
0.05053306218031676	0	725212	0	0	0	0	0	0	0	0	0	0	0	0	0	0.0
0.05028655943797375	0	723564	0	0	0	0	0	0	0	0	0	0	0	0	0	0.0
0.04997843101004499	0	721494	0	0	0	0	0	0	0	0	0	0	0	0	0	0.0
0.04973192826770198	0	719830	0	0	0	0	0	0	0	0	0	0	0	0	0	0.0
0.04923892278301596	0	716470	0	0	0	0	0	0	0	0	0	0	0	0	0	0.0
0.04899242004067295	0	714782	0	0	0	0	0	0	0	0	0	0	0	0	0	0.0
0.048561040241572685	0	711814	0	0	0	0	0	0	0	0	0	0	0	0	0	0.0
0.048376163184815434	0	710536	0	0	0	0	0	0	0	0	0	0	0	0	0	0.0
0.048129660442472424	0	708824	0	0	0	0	0	0	0	0	0	0	0	0	0	0.0
0.047883157700129415	0	707104	0	0	0	0	0	0	0	0	0	0	0	0	0	0.0
0.047636654957786406	0	705376	0	0	0	0	0	0	0	0	0	0	0	0	0	0.0
0.04745177790102915	0	704074	0	0	0	0	0	0	0	0	0	0	0	0	0	0.0
0.04689714673075738	0	700150	0	0	0	0	0	0	0	0	0	0	0	0	0	0.0
0.04658901830282862	0	697960	0	0	0	0	0	0	0	0	0	0	0	0	0	0.0
0.04634251556048561	0	696200	0	0	0	0	0	0	0	0	0	0	0	0	0	0.0
0.04621926418931411	0	695316	0	0	0	0	0	0	0	0	0	0	0	0	0	0.0
0.04591113576138534	0	693096	0	0	0	0	0	0	0	0	0	0	0	0	0	0.0
0.04572625870462809	0	691758	0	0	0	0	0	0	0	0	0	0	0	0	0	0.0
0.04554138164787083	0	690414	0	0	0	0	0	0	0	0	0	0	0	0	0	0.0
0.045110001848770565	0	687264	0	0	0	0	0	0	0	0	0	0	0	0	0	0.0
0.04492512479201331	0	685908	0	0	0	0	0	0	0	0	0	0	0	0	0	0.0
0.044247242250570036	0	680914	0	0	0	0	0	0	0	0	0	0	0	0	0	0.0
0.044062365193812784	0	679546	0	0	0	0	0	0	0	0	0	0	0	0	0	0.0
0.043815862451469775	0	677714	0	0	0	0	0	0	0	0	0	0	0	0	0	0.0
0.04369261108029827	0	676794	0	0	0	0	0	0	0	0	0	0	0	0	0	0.0
0.04344610833795526	0	674946	0	0	0	0	0	0	0	0	0	0	0	0	0	0.0
0.04338448265236951	0	674482	0	0	0	0	0	0	0	0	0	0	0	0	0	0.0
0.0431379799100265	0	672618	0	0	0	0	0	0	0	0	0	0	0	0	0	0.0
0.043014728538855	0	671682	0	0	0	0	0	0	0	0	0	0	0	0	0	0.0
0.04289147716768349	0	670742	0	0	0	0	0	0	0	0	0	0	0	0	0	0.0
0.04264497442534048	0	668854	0	0	0	0	0	0	0	0	0	0	0	0	0	0.0
0.04239847168299747	0	666958	0	0	0	0	0	0	0	0	0	0	0	0	0	0.0
0.04227522031182597	0	666006	0	0	0	0	0	0	0	0	0	0	0	0	0	0.0
0.04202871756948296	0	664094	0	0	0	0	0	0	0	0	0	0	0	0	0	0.0
0.04165896345596845	0	661214	0	0	0	0	0	0	0	0	0	0	0	0	0	0.0
0.04147408639921119	0	659768	0	0	0	0	0	0	0	0	0	0	0	0	0	0.0
0.041350835028039684	0	658800	0	0	0	0	0	0	0	0	0	0	0	0	0	0.0
0.04091945522893942	0	655398	0	0	0	0	0	0	0	0	0	0	0	0	0	0.0
0.040672952486596414	0	653446	0	0	0	0	0	0	0	0	0	0	0	0	0	0.0
0.040364824058667655	0	650996	0	0	0	0	0	0	0	0	0	0	0	0	0	0.0
0.0403031983730819	0	650504	0	0	0	0	0	0	0	0	0	0	0	0	0	0.0
0.040118321316324645	0	649022	0	0	0	0	0	0	0	0	0	0	0	0	0	0.0
0.03993344425956739	0	647534	0	0	0	0	0	0	0	0	0	0	0	0	0	0.0
0.039871818573981636	0	647036	0	0	0	0	0	0	0	0	0	0	0	0	0	0.0
0.03962531583163863	0	645036	0	0	0	0	0	0	0	0	0	0	0	0	0	0.0
0.03956369014605288	0	644534	0	0	0	0	0	0	0	0	0	0	0	0	0	0.0
0.03937881308929562	0	643022	0	0	0	0	0	0	0	0	0	0	0	0	0	0.0
0.03919393603253836	0	641504	0	0	0	0	0	0	0	0	0	0	0	0	0	0.0
0.03900905897578111	0	639980	0	0	0	0	0	0	0	0	0	0	0	0	0	0.0
0.03894743329019535	0	639470	0	0	0	0	0	0	0	0	0	0	0	0	0	0.0
0.0388858076046096	0	638958	0	0	0	0	0	0	0	0	0	0	0	0	0	0.0
0.03882418191902385	0	638444	0	0	0	0	0	0	0	0	0	0	0	0	0	0.0
0.03870093054785235	0	637412	0	0	0	0	0	0	0	0	0	0	0	0	0	0.0
0.03863930486226659	0	636894	0	0	0	0	0	0	0	0	0	0	0	0	0	0.0
0.03845442780550934	0	635334	0	0	0	0	0	0	0	0	0	0	0	0	0	0.0
0.03814629937758057	0	632724	0	0	0	0	0	0	0	0	0	0	0	0	0	0.0
0.03789979663523757	0	630628	0	0	0	0	0	0	0	0	0	0	0	0	0	0.0
0.03777654526406606	0	629576	0	0	0	0	0	0	0	0	0	0	0	0	0	0.0
0.03771491957848031	0	629048	0	0	0	0	0	0	0	0	0	0	0	0	0	0.0
0.03753004252172305	0	627458	0	0	0	0	0	0	0	0	0	0	0	0	0	0.0
0.037345165464965795	0	625862	0	0	0	0	0	0	0	0	0	0	0	0	0	0.0
0.037221914093794294	0	624794	0	0	0	0	0	0	0	0	0	0	0	0	0	0.0
0.037037037037037035	0	623186	0	0	0	0	0	0	0	0	0	0	0	0	0	0.0
0.036667282923522525	0	619958	0	0	0	0	0	0	0	0	0	0	0	0	0	0.0
0.036605657237936774	0	619418	0	0	0	0	0	0	0	0	0	0	0	0	0	0.0
0.036297528810008015	0	616708	0	0	0	0	0	0	0	0	0	0	0	0	0	0.0
0.03598940038207925	0	613988	0	0	0	0	0	0	0	0	0	0	0	0	0	0.0
0.035804523325321996	0	612350	0	0	0	0	0	0	0	0	0	0	0	0	0	0.0
0.03561964626856474	0	610706	0	0	0	0	0	0	0	0	0	0	0	0	0	0.0
0.03555802058297899	0	610156	0	0	0	0	0	0	0	0	0	0	0	0	0	0.0
0.03531151784063598	0	607948	0	0	0	0	0	0	0	0	0	0	0	0	0	0.0
0.03506501509829297	0	605732	0	0	0	0	0	0	0	0	0	0	0	0	0	0.0
0.03481851235594996	0	603508	0	0	0	0	0	0	0	0	0	0	0	0	0	0.0
0.0345103839280212	0	600718	0	0	0	0	0	0	0	0	0	0	0	0	0	0.0
0.03438713255684969	0	599598	0	0	0	0	0	0	0	0	0	0	0	0	0	0.0
0.03414062981450668	0	597350	0	0	0	0	0	0	0	0	0	0	0	0	0	0.0
0.03401737844333518	0	596222	0	0	0	0	0	0	0	0	0	0	0	0	0	0.0
0.03377087570099217	0	593958	0	0	0	0	0	0	0	0	0	0	0	0	0	0.0
0.033524372958649164	0	591686	0	0	0	0	0	0	0	0	0	0	0	0	0	0.0
0.033216244530720404	0	588836	0	0	0	0	0	0	0	0	0	0	0	0	0	0.0
0.033154618845134654	0	588262	0	0	0	0	0	0	0	0	0	0	0	0	0	0.0
0.032969741788377395	0	586534	0	0	0	0	0	0	0	0	0	0	0	0	0	0.0
0.032846490417205894	0	585378	0	0	0	0	0	0	0	0	0	0	0	0	0	0.0
0.032661613360448635	0	583638	0	0	0	0	0	0	0	0	0	0	0	0	0	0.0
0.03253836198927713	0	582474	0	0	0	0	0	0	0	0	0	0	0	0	0	0.0
0.032415110618105626	0	581306	0	0	0	0	0	0	0	0	0	0	0	0	0	0.0
0.03223023356134837	0	579548	0	0	0	0	0	0	0	0	0	0	0	0	0	0.0
0.032045356504591116	0	577784	0	0	0	0	0	0	0	0	0	0	0	0	0	0.0
0.03186047944783386	0	576014	0	0	0	0	0	0	0	0	0	0	0	0	0	0.0
0.03179885376224811	0	575422	0	0	0	0	0	0	0	0	0	0	0	0	0	0.0
0.03161397670549085	0	573634	0	0	0	0	0	0	0	0	0	0	0	0	0	0.0
0.03149072533431935	0	572438	0	0	0	0	0	0	0	0	0	0	0	0	0	0.0
0.03142909964873359	0	571838	0	0	0	0	0	0	0	0	0	0	0	0	0	0.0
0.03136747396314784	0	571236	0	0	0	0	0	0	0	0	0	0	0	0	0	0.0
0.03112097122080483	0	568820	0	0	0	0	0	0	0	0	0	0	0	0	0	0.0
0.030997719849633325	0	567608	0	0	0	0	0	0	0	0	0	0	0	0	0	0.0
0.030874468478461824	0	566392	0	0	0	0	0	0	0	0	0	0	0	0	0	0.0
0.030689591421704566	0	564556	0	0	0	0	0	0	0	0	0	0	0	0	0	0.0
0.03056634005053306	0	563328	0	0	0	0	0	0	0	0	0	0	0	0	0	0.0
0.030443088679361557	0	562096	0	0	0	0	0	0	0	0	0	0	0	0	0	0.0
0.0302582116226043	0	560242	0	0	0	0	0	0	0	0	0	0	0	0	0	0.0
0.030011708880261292	0	557762	0	0	0	0	0	0	0	0	0	0	0	0	0	0.0
0.029888457509089788	0	556518	0	0	0	0	0	0	0	0	0	0	0	0	0	0.0
0.029826831823504037	0	555894	0	0	0	0	0	0	0	0	0	0	0	0	0	0.0
0.029703580452332533	0	554642	0	0	0	0	0	0	0	0	0	0	0	0	0	0.0
0.029518703395575274	0	552758	0	0	0	0	0	0	0	0	0	0	0	0	0	0.0
0.029148949282060764	0	548978	0	0	0	0	0	0	0	0	0	0	0	0	0	0.0
0.028964072225303505	0	547076	0	0	0	0	0	0	0	0	0	0	0	0	0	0.0
0.028717569482960496	0	544532	0	0	0	0	0	0	0	0	0	0	0	0	0	0.0
0.02847106674061749	0	541980	0	0	0	0	0	0	0	0	0	0	0	0	0	0.0
0.028409441055031737	0	541340	0	0	0	0	0	0	0	0	0	0	0	0	0	0.0
0.028162938312688728	0	538772	0	0	0	0	0	0	0	0	0	0	0	0	0	0.0
0.02791643557034572	0	536196	0	0	0	0	0	0	0	0	0	0	0	0	0	0.0
0.027854809884759968	0	535550	0	0	0	0	0	0	0	0	0	0	0	0	0	0.0
0.027793184199174217	0	534902	0	0	0	0	0	0	0	0	0	0	0	0	0	0.0
0.027731558513588463	0	534252	0	0	0	0	0	0	0	0	0	0	0	0	0	0.0
0.02760830714241696	0	532948	0	0	0	0	0	0	0	0	0	0	0	0	0	0.0
0.027546681456831208	0	532294	0	0	0	0	0	0	0	0	0	0	0	0	0	0.0
0.027238553028902445	0	529014	0	0	0	0	0	0	0	0	0	0	0	0	0	0.0
0.027176927343316695	0	528356	0	0	0	0	0	0	0	0	0	0	0	0	0	0.0
0.026930424600973685	0	525716	0	0	0	0	0	0	0	0	0	0	0	0	0	0.0
0.02680717322980218	0	524392	0	0	0	0	0	0	0	0	0	0	0	0	0	0.0
0.026683921858630676	0	523064	0	0	0	0	0	0	0	0	0	0	0	0	0	0.0
0.026560670487459172	0	521732	0	0	0	0	0	0	0	0	0	0	0	0	0	0.0
0.026437419116287667	0	520396	0	0	0	0	0	0	0	0	0	0	0	0	0	0.0
0.026252542059530412	0	518386	0	0	0	0	0	0	0	0	0	0	0	0	0	0.0
0.026129290688358908	0	517042	0	0	0	0	0	0	0	0	0	0	0	0	0	0.0
0.025944413631601652	0	515020	0	0	0	0	0	0	0	0	0	0	0	0	0	0.0
0.025821162260430148	0	513664	0	0	0	0	0	0	0	0	0	0	0	0	0	0.0
0.025697910889258643	0	512304	0	0	0	0	0	0	0	0	0	0	0	0	0	0.0
0.025451408146915634	0	509576	0	0	0	0	0	0	0	0	0	0	0	0	0	0.0
0.02532815677574413	0	508204	0	0	0	0	0	0	0	0	0	0	0	0	0	0.0
0.025204905404572625	0	506824	0	0	0	0	0	0	0	0	0	0	0	0	0	0.0
0.025143279718986875	0	506132	0	0	0	0	0	0	0	0	0	0	0	0	0	0.0
0.024958402662229616	0	504050	0	0	0	0	0	0	0	0	0	0	0	0	0	0.0
0.024896776976643865	0	503354	0	0	0	0	0	0	0	0	0	0	0	0	0	0.0
0.02483515129105811	0	502656	0	0	0	0	0	0	0	0	0	0	0	0	0	0.0
0.02471189991988661	0	501252	0	0	0	0	0	0	0	0	0	0	0	0	0	0.0
0.0244653971775436	0	498436	0	0	0	0	0	0	0	0	0	0	0	0	0	0.0
0.024403771491957847	0	497730	0	0	0	0	0	0	0	0	0	0	0	0	0	0.0
0.024218894435200592	0	495606	0	0	0	0	0	0	0	0	0	0	0	0	0	0.0
0.024095643064029088	0	494182	0	0	0	0	0	0	0	0	0	0	0	0	0	0.0
0.023725888950514574	0	489898	0	0	0	0	0	0	0	0	0	0	0	0	0	0.0
0.02360263757934307	0	488466	0	0	0	0	0	0	0	0	0	0	0	0	0	0.0
0.023417760522585814	0	486306	0	0	0	0	0	0	0	0	0	0	0	0	0	0.0
0.02323288346582856	0	484134	0	0	0	0	0	0	0	0	0	0	0	0	0	0.0
0.0230480064090713	0	481950	0	0	0	0	0	0	0	0	0	0	0	0	0	0.0
0.022863129352314045	0	479760	0	0	0	0	0	0	0	0	0	0	0	0	0	0.0
0.022616626609971036	0	476832	0	0	0	0	0	0	0	0	0	0	0	0	0	0.0
0.02243174955321378	0	474630	0	0	0	0	0	0	0	0	0	0	0	0	0	0.0
0.022308498182042277	0	473158	0	0	0	0	0	0	0	0	0	0	0	0	0	0.0
0.022185246810870772	0	471682	0	0	0	0	0	0	0	0	0	0	0	0	0	0.0
0.022123621125285018	0	470942	0	0	0	0	0	0	0	0	0	0	0	0	0	0.0
0.022000369754113513	0	469458	0	0	0	0	0	0	0	0	0	0	0	0	0	0.0
0.02187711838294201	0	467962	0	0	0	0	0	0	0	0	0	0	0	0	0	0.0
0.02181549269735626	0	467210	0	0	0	0	0	0	0	0	0	0	0	0	0	0.0
0.021753867011770504	0	466456	0	0	0	0	0	0	0	0	0	0	0	0	0	0.0
0.021630615640599003	0	464944	0	0	0	0	0	0	0	0	0	0	0	0	0	0.0
0.021445738583841745	0	462670	0	0	0	0	0	0	0	0	0	0	0	0	0	0.0
0.02126086152708449	0	460390	0	0	0	0	0	0	0	0	0	0	0	0	0	0.0
0.021199235841498736	0	459626	0	0	0	0	0	0	0	0	0	0	0	0	0	0.0
0.02107598447032723	0	458094	0	0	0	0	0	0	0	0	0	0	0	0	0	0.0
0.020952733099155726	0	456554	0	0	0	0	0	0	0	0	0	0	0	0	0	0.0
0.020891107413569976	0	455782	0	0	0	0	0	0	0	0	0	0	0	0	0	0.0
0.02070623035681272	0	453454	0	0	0	0	0	0	0	0	0	0	0	0	0	0.0
0.020582978985641216	0	451894	0	0	0	0	0	0	0	0	0	0	0	0	0	0.0
0.020336476243298207	0	448766	0	0	0	0	0	0	0	0	0	0	0	0	0	0.0
0.020274850557712453	0	447982	0	0	0	0	0	0	0	0	0	0	0	0	0	0.0
0.020213224872126703	0	447196	0	0	0	0	0	0	0	0	0	0	0	0	0	0.0
0.019966722129783693	0	444044	0	0	0	0	0	0	0	0	0	0	0	0	0	0.0
0.01978184507302644	0	441674	0	0	0	0	0	0	0	0	0	0	0	0	0	0.0
0.01953534233068343	0	438506	0	0	0	0	0	0	0	0	0	0	0	0	0	0.0
0.019473716645097675	0	437710	0	0	0	0	0	0	0	0	0	0	0	0	0	0.0
0.019350465273926174	0	436114	0	0	0	0	0	0	0	0	0	0	0	0	0	0.0
0.01928883958834042	0	435314	0	0	0	0	0	0	0	0	0	0	0	0	0	0.0
0.019165588217168916	0	433710	0	0	0	0	0	0	0	0	0	0	0	0	0	0.0
0.01898071116041166	0	431298	0	0	0	0	0	0	0	0	0	0	0	0	0	0.0
0.018919085474825906	0	430492	0	0	0	0	0	0	0	0	0	0	0	0	0	0.0
0.018795834103654402	0	428876	0	0	0	0	0	0	0	0	0	0	0	0	0	0.0
0.01873420841806865	0	428064	0	0	0	0	0	0	0	0	0	0	0	0	0	0.0
0.018549331361311396	0	425616	0	0	0	0	0	0	0	0	0	0	0	0	0	0.0
0.018364454304554138	0	423162	0	0	0	0	0	0	0	0	0	0	0	0	0	0.0
0.018241202933382633	0	421522	0	0	0	0	0	0	0	0	0	0	0	0	0	0.0
0.018179577247796883	0	420698	0	0	0	0	0	0	0	0	0	0	0	0	0	0.0
0.017994700191039624	0	418220	0	0	0	0	0	0	0	0	0	0	0	0	0	0.0
0.01780982313428237	0	415730	0	0	0	0	0	0	0	0	0	0	0	0	0	0.0
0.017686571763110864	0	414062	0	0	0	0	0	0	0	0	0	0	0	0	0	0.0
0.017624946077525114	0	413224	0	0	0	0	0	0	0	0	0	0	0	0	0	0.0
0.01750169470635361	0	411544	0	0	0	0	0	0	0	0	0	0	0	0	0	0.0
0.017440069020767855	0	410702	0	0	0	0	0	0	0	0	0	0	0	0	0	0.0
0.017378443335182105	0	409856	0	0	0	0	0	0	0	0	0	0	0	0	0	0.0
0.01731681764959635	0	409008	0	0	0	0	0	0	0	0	0	0	0	0	0	0.0
0.0172551919640106	0	408158	0	0	0	0	0	0	0	0	0	0	0	0	0	0.0
0.017193566278424846	0	407302	0	0	0	0	0	0	0	0	0	0	0	0	0	0.0
0.01707031490725334	0	405586	0	0	0	0	0	0	0	0	0	0	0	0	0	0.0
0.016885437850496086	0	403000	0	0	0	0	0	0	0	0	0	0	0	0	0	0.0
0.016762186479324582	0	401272	0	0	0	0	0	0	0	0	0	0	0	0	0	0.0
0.016577309422567327	0	398674	0	0	0	0	0	0	0	0	0	0	0	0	0	0.0
0.016515683736981573	0	397806	0	0	0	0	0	0	0	0	0	0	0	0	0	0.0
0.016454058051395822	0	396936	0	0	0	0	0	0	0	0	0	0	0	0	0	0.0
0.016145929623467063	0	392576	0	0	0	0	0	0	0	0	0	0	0	0	0	0.0
0.016022678252295558	0	390828	0	0	0	0	0	0	0	0	0	0	0	0	0	0.0
0.015899426881124053	0	389072	0	0	0	0	0	0	0	0	0	0	0	0	0	0.0
0.0158378011955383	0	388192	0	0	0	0	0	0	0	0	0	0	0	0	0	0.0
0.015714549824366795	0	386428	0	0	0	0	0	0	0	0	0	0	0	0	0	0.0
0.015652924138781044	0	385544	0	0	0	0	0	0	0	0	0	0	0	0	0	0.0
0.01552967276760954	0	383772	0	0	0	0	0	0	0	0	0	0	0	0	0	0.0
0.015468047082023787	0	382884	0	0	0	0	0	0	0	0	0	0	0	0	0	0.0
0.01528317002526653	0	380214	0	0	0	0	0	0	0	0	0	0	0	0	0	0.0
0.015221544339680778	0	379320	0	0	0	0	0	0	0	0	0	0	0	0	0	0.0
0.015159918654095026	0	378424	0	0	0	0	0	0	0	0	0	0	0	0	0	0.0
0.015036667282923523	0	376628	0	0	0	0	0	0	0	0	0	0	0	0	0	0.0
0.014975041597337771	0	375728	0	0	0	0	0	0	0	0	0	0	0	0	0	0.0
0.014851790226166266	0	373920	0	0	0	0	0	0	0	0	0	0	0	0	0	0.0
0.014790164540580514	0	373014	0	0	0	0	0	0	0	0	0	0	0	0	0	0.0
0.014728538854994762	0	372106	0	0	0	0	0	0	0	0	0	0	0	0	0	0.0
0.014543661798237505	0	369376	0	0	0	0	0	0	0	0	0	0	0	0	0	0.0
0.014420410427066	0	367548	0	0	0	0	0	0	0	0	0	0	0	0	0	0.0
0.014235533370308745	0	364800	0	0	0	0	0	0	0	0	0	0	0	0	0	0.0
0.01411228199913724	0	362960	0	0	0	0	0	0	0	0	0	0	0	0	0	0.0
0.013989030627965736	0	361116	0	0	0	0	0	0	0	0	0	0	0	0	0	0.0
0.013927404942379984	0	360192	0	0	0	0	0	0	0	0	0	0	0	0	0	0.0
0.013865779256794232	0	359266	0	0	0	0	0	0	0	0	0	0	0	0	0	0.0
0.013742527885622727	0	357406	0	0	0	0	0	0	0	0	0	0	0	0	0	0.0
0.013680902200036975	0	356470	0	0	0	0	0	0	0	0	0	0	0	0	0	0.0
0.01355765082886547	0	354594	0	0	0	0	0	0	0	0	0	0	0	0	0	0.0
0.01349602514327972	0	353654	0	0	0	0	0	0	0	0	0	0	0	0	0	0.0
0.013311148086522463	0	350828	0	0	0	0	0	0	0	0	0	0	0	0	0	0.0
0.01324952240093671	0	349884	0	0	0	0	0	0	0	0	0	0	0	0	0	0.0
0.013064645344179454	0	347046	0	0	0	0	0	0	0	0	0	0	0	0	0	0.0
0.01294139397300795	0	345122	0	0	0	0	0	0	0	0	0	0	0	0	0	0.0
0.012818142601836445	0	343194	0	0	0	0	0	0	0	0	0	0	0	0	0	0.0
0.012756516916250694	0	342228	0	0	0	0	0	0	0	0	0	0	0	0	0	0.0
0.012694891230664942	0	341260	0	0	0	0	0	0	0	0	0	0	0	0	0	0.0
0.01263326554507919	0	340288	0	0	0	0	0	0	0	0	0	0	0	0	0	0.0
0.012510014173907685	0	338340	0	0	0	0	0	0	0	0	0	0	0	0	0	0.0
0.01238676280273618	0	336388	0	0	0	0	0	0	0	0	0	0	0	0	0	0.0
0.012263511431564676	0	334432	0	0	0	0	0	0	0	0	0	0	0	0	0	0.0
0.012140260060393171	0	332468	0	0	0	0	0	0	0	0	0	0	0	0	0	0.0
0.011955383003635916	0	329516	0	0	0	0	0	0	0	0	0	0	0	0	0	0.0
0.011893757318050164	0	328530	0	0	0	0	0	0	0	0	0	0	0	0	0	0.0
0.011832131632464412	0	327542	0	0	0	0	0	0	0	0	0	0	0	0	0	0.0
0.01177050594687866	0	326552	0	0	0	0	0	0	0	0	0	0	0	0	0	0.0
0.011708880261292907	0	325560	0	0	0	0	0	0	0	0	0	0	0	0	0	0.0
0.011647254575707155	0	324564	0	0	0	0	0	0	0	0	0	0	0	0	0	0.0
0.01152400320453565	0	322564	0	0	0	0	0	0	0	0	0	0	0	0	0	0.0
0.011462377518949898	0	321562	0	0	0	0	0	0	0	0	0	0	0	0	0	0.0
0.011400751833364146	0	320558	0	0	0	0	0	0	0	0	0	0	0	0	0	0.0
0.011277500462192641	0	318538	0	0	0	0	0	0	0	0	0	0	0	0	0	0.0
0.011030997719849634	0	314482	0	0	0	0	0	0	0	0	0	0	0	0	0	0.0
0.010784494977506625	0	310410	0	0	0	0	0	0	0	0	0	0	0	0	0	0.0
0.010722869291920872	0	309390	0	0	0	0	0	0	0	0	0	0	0	0	0	0.0
0.01066124360633512	0	308368	0	0	0	0	0	0	0	0	0	0	0	0	0	0.0
0.010599617920749368	0	307342	0	0	0	0	0	0	0	0	0	0	0	0	0	0.0
0.010537992235163616	0	306314	0	0	0	0	0	0	0	0	0	0	0	0	0	0.0
0.010476366549577863	0	305274	0	0	0	0	0	0	0	0	0	0	0	0	0	0.0
0.010414740863992113	0	304232	0	0	0	0	0	0	0	0	0	0	0	0	0	0.0
0.01035311517840636	0	303178	0	0	0	0	0	0	0	0	0	0	0	0	0	0.0
0.010291489492820608	0	302122	0	0	0	0	0	0	0	0	0	0	0	0	0	0.0
0.010229863807234856	0	301060	0	0	0	0	0	0	0	0	0	0	0	0	0	0.0
0.010168238121649104	0	299996	0	0	0	0	0	0	0	0	0	0	0	0	0	0.0
0.010044986750477599	0	297864	0	0	0	0	0	0	0	0	0	0	0	0	0	0.0
0.009983361064891847	0	296796	0	0	0	0	0	0	0	0	0	0	0	0	0	0.0
0.009736858322548838	0	292508	0	0	0	0	0	0	0	0	0	0	0	0	0	0.0
0.009675232636963087	0	291434	0	0	0	0	0	0	0	0	0	0	0	0	0	0.0
0.009551981265791583	0	289282	0	0	0	0	0	0	0	0	0	0	0	0	0	0.0
0.00949035558020583	0	288192	0	0	0	0	0	0	0	0	0	0	0	0	0	0.0
0.009428729894620078	0	287094	0	0	0	0	0	0	0	0	0	0	0	0	0	0.0
0.009367104209034326	0	285994	0	0	0	0	0	0	0	0	0	0	0	0	0	0.0
0.009305478523448573	0	284880	0	0	0	0	0	0	0	0	0	0	0	0	0	0.0
0.009243852837862821	0	283764	0	0	0	0	0	0	0	0	0	0	0	0	0	0.0
0.009120601466691317	0	281528	0	0	0	0	0	0	0	0	0	0	0	0	0	0.0
0.009058975781105564	0	280404	0	0	0	0	0	0	0	0	0	0	0	0	0	0.0
0.008997350095519812	0	279268	0	0	0	0	0	0	0	0	0	0	0	0	0	0.0
0.00893572440993406	0	278124	0	0	0	0	0	0	0	0	0	0	0	0	0	0.0
0.008812473038762557	0	275828	0	0	0	0	0	0	0	0	0	0	0	0	0	0.0
0.008750847353176805	0	274678	0	0	0	0	0	0	0	0	0	0	0	0	0	0.0
0.008689221667591052	0	273524	0	0	0	0	0	0	0	0	0	0	0	0	0	0.0
0.0086275959820053	0	272368	0	0	0	0	0	0	0	0	0	0	0	0	0	0.0
0.008381093239662291	0	267736	0	0	0	0	0	0	0	0	0	0	0	0	0	0.0
0.008319467554076539	0	266570	0	0	0	0	0	0	0	0	0	0	0	0	0	0.0
0.008257841868490786	0	265392	0	0	0	0	0	0	0	0	0	0	0	0	0	0.0
0.008072964811733531	0	261810	0	0	0	0	0	0	0	0	0	0	0	0	0	0.0
0.008011339126147779	0	260604	0	0	0	0	0	0	0	0	0	0	0	0	0	0.0
0.007949713440562027	0	259394	0	0	0	0	0	0	0	0	0	0	0	0	0	0.0
0.007888087754976274	0	258182	0	0	0	0	0	0	0	0	0	0	0	0	0	0.0
0.007826462069390522	0	256956	0	0	0	0	0	0	0	0	0	0	0	0	0	0.0
0.00776483638380477	0	255728	0	0	0	0	0	0	0	0	0	0	0	0	0	0.0
0.007703210698219018	0	254490	0	0	0	0	0	0	0	0	0	0	0	0	0	0.0
0.007579959327047513	0	252006	0	0	0	0	0	0	0	0	0	0	0	0	0	0.0
0.007518333641461762	0	250746	0	0	0	0	0	0	0	0	0	0	0	0	0	0.0
0.007456707955876009	0	249480	0	0	0	0	0	0	0	0	0	0	0	0	0	0.0
0.007395082270290257	0	248204	0	0	0	0	0	0	0	0	0	0	0	0	0	0.0
0.007333456584704505	0	246916	0	0	0	0	0	0	0	0	0	0	0	0	0	0.0
0.0072718308991187525	0	245620	0	0	0	0	0	0	0	0	0	0	0	0	0	0.0
0.007210205213533	0	244320	0	0	0	0	0	0	0	0	0	0	0	0	0	0.0
0.007148579527947249	0	243012	0	0	0	0	0	0	0	0	0	0	0	0	0	0.0
0.0070869538423614965	0	241700	0	0	0	0	0	0	0	0	0	0	0	0	0	0.0
0.007025328156775744	0	240378	0	0	0	0	0	0	0	0	0	0	0	0	0	0.0
0.006963702471189992	0	239054	0	0	0	0	0	0	0	0	0	0	0	0	0	0.0
0.00690207678560424	0	237722	0	0	0	0	0	0	0	0	0	0	0	0	0	0.0
0.006840451100018487	0	236388	0	0	0	0	0	0	0	0	0	0	0	0	0	0.0
0.006778825414432735	0	235046	0	0	0	0	0	0	0	0	0	0	0	0	0	0.0
0.006717199728846984	0	233676	0	0	0	0	0	0	0	0	0	0	0	0	0	0.0
0.0066555740432612314	0	232302	0	0	0	0	0	0	0	0	0	0	0	0	0	0.0
0.006593948357675479	0	230924	0	0	0	0	0	0	0	0	0	0	0	0	0	0.0
0.006532322672089727	0	229534	0	0	0	0	0	0	0	0	0	0	0	0	0	0.0
0.006470696986503975	0	228140	0	0	0	0	0	0	0	0	0	0	0	0	0	0.0
0.006409071300918222	0	226744	0	0	0	0	0	0	0	0	0	0	0	0	0	0.0
0.006347445615332471	0	225332	0	0	0	0	0	0	0	0	0	0	0	0	0	0.0
0.006224194244160966	0	222472	0	0	0	0	0	0	0	0	0	0	0	0	0	0.0
0.006162568558575214	0	221038	0	0	0	0	0	0	0	0	0	0	0	0	0	0.0
0.0060393171874037095	0	218126	0	0	0	0	0	0	0	0	0	0	0	0	0	0.0
0.005977691501817958	0	216668	0	0	0	0	0	0	0	0	0	0	0	0	0	0.0
0.005916065816232206	0	215200	0	0	0	0	0	0	0	0	0	0	0	0	0	0.0
0.0058544401306464535	0	213724	0	0	0	0	0	0	0	0	0	0	0	0	0	0.0
0.005792814445060701	0	212246	0	0	0	0	0	0	0	0	0	0	0	0	0	0.0
0.005731188759474949	0	210762	0	0	0	0	0	0	0	0	0	0	0	0	0	0.0
0.005669563073889197	0	209276	0	0	0	0	0	0	0	0	0	0	0	0	0	0.0
0.005607937388303445	0	207788	0	0	0	0	0	0	0	0	0	0	0	0	0	0.0
0.005546311702717693	0	206290	0	0	0	0	0	0	0	0	0	0	0	0	0	0.0
0.005484686017131941	0	204790	0	0	0	0	0	0	0	0	0	0	0	0	0	0.0
0.0054230603315461885	0	203286	0	0	0	0	0	0	0	0	0	0	0	0	0	0.0
0.005299808960374684	0	200274	0	0	0	0	0	0	0	0	0	0	0	0	0	0.0
0.005238183274788932	0	198766	0	0	0	0	0	0	0	0	0	0	0	0	0	0.0
0.00517655758920318	0	197254	0	0	0	0	0	0	0	0	0	0	0	0	0	0.0
0.005114931903617428	0	195740	0	0	0	0	0	0	0	0	0	0	0	0	0	0.0
0.005053306218031676	0	194224	0	0	0	0	0	0	0	0	0	0	0	0	0	0.0
0.004991680532445923	0	192694	0	0	0	0	0	0	0	0	0	0	0	0	0	0.0
0.004930054846860171	0	191162	0	0	0	0	0	0	0	0	0	0	0	0	0	0.0
0.004868429161274419	0	189596	0	0	0	0	0	0	0	0	0	0	0	0	0	0.0
0.004806803475688667	0	188028	0	0	0	0	0	0	0	0	0	0	0	0	0	0.0
0.004745177790102915	0	186456	0	0	0	0	0	0	0	0	0	0	0	0	0	0.0
0.004683552104517163	0	184870	0	0	0	0	0	0	0	0	0	0	0	0	0	0.0
0.0046219264189314106	0	183272	0	0	0	0	0	0	0	0	0	0	0	0	0	0.0
0.004560300733345658	0	181672	0	0	0	0	0	0	0	0	0	0	0	0	0	0.0
0.004498675047759906	0	180062	0	0	0	0	0	0	0	0	0	0	0	0	0	0.0
0.004437049362174155	0	178448	0	0	0	0	0	0	0	0	0	0	0	0	0	0.0
0.004375423676588402	0	176830	0	0	0	0	0	0	0	0	0	0	0	0	0	0.0
0.00431379799100265	0	175210	0	0	0	0	0	0	0	0	0	0	0	0	0	0.0
0.004252172305416898	0	173562	0	0	0	0	0	0	0	0	0	0	0	0	0	0.0
0.0041905466198311455	0	171910	0	0	0	0	0	0	0	0	0	0	0	0	0	0.0
0.004128920934245393	0	170242	0	0	0	0	0	0	0	0	0	0	0	0	0	0.0
0.004067295248659641	0	168560	0	0	0	0	0	0	0	0	0	0	0	0	0	0.0
0.0040056695630738895	0	166876	0	0	0	0	0	0	0	0	0	0	0	0	0	0.0
0.003944043877488137	0	165190	0	0	0	0	0	0	0	0	0	0	0	0	0	0.0
0.003882418191902385	0	163500	0	0	0	0	0	0	0	0	0	0	0	0	0	0.0
0.0038207925063166327	0	161806	0	0	0	0	0	0	0	0	0	0	0	0	0	0.0
0.003759166820730881	0	160110	0	0	0	0	0	0	0	0	0	0	0	0	0	0.0
0.0036975411351451285	0	158394	0	0	0	0	0	0	0	0	0	0	0	0	0	0.0
0.0035742897639736244	0	154958	0	0	0	0	0	0	0	0	0	0	0	0	0	0.0
0.003512664078387872	0	153236	0	0	0	0	0	0	0	0	0	0	0	0	0	0.0
0.00345103839280212	0	151510	0	0	0	0	0	0	0	0	0	0	0	0	0	0.0
0.0033894127072163676	0	149744	0	0	0	0	0	0	0	0	0	0	0	0	0	0.0
0.0033277870216306157	0	147974	0	0	0	0	0	0	0	0	0	0	0	0	0	0.0
0.0032661613360448634	0	146200	0	0	0	0	0	0	0	0	0	0	0	0	0	0.0
0.003204535650459111	0	144418	0	0	0	0	0	0	0	0	0	0	0	0	0	0.0
0.0031429099648733593	0	142634	0	0	0	0	0	0	0	0	0	0	0	0	0	0.0
0.003081284279287607	0	140842	0	0	0	0	0	0	0	0	0	0	0	0	0	0.0
0.0030196585937018548	0	139018	0	0	0	0	0	0	0	0	0	0	0	0	0	0.0
0.002958032908116103	0	137162	0	0	0	0	0	0	0	0	0	0	0	0	0	0.0
0.0028964072225303506	0	135298	0	0	0	0	0	0	0	0	0	0	0	0	0	0.0
0.0028347815369445984	0	133424	0	0	0	0	0	0	0	0	0	0	0	0	0	0.0
0.0027731558513588465	0	131530	0	0	0	0	0	0	0	0	0	0	0	0	0	0.0
0.0027115301657730942	0	129634	0	0	0	0	0	0	0	0	0	0	0	0	0	0.0
0.002649904480187342	0	127736	0	0	0	0	0	0	0	0	0	0	0	0	0	0.0
0.00258827879460159	0	125836	0	0	0	0	0	0	0	0	0	0	0	0	0	0.0
0.0024650274234300855	0	121956	0	0	0	0	0	0	0	0	0	0	0	0	0	0.0
0.0024034017378443337	0	120010	0	0	0	0	0	0	0	0	0	0	0	0	0	0.0
0.0023417760522585814	0	118048	0	0	0	0	0	0	0	0	0	0	0	0	0	0.0
0.002280150366672829	0	116070	0	0	0	0	0	0	0	0	0	0	0	0	0	0.0
0.0022185246810870773	0	114072	0	0	0	0	0	0	0	0	0	0	0	0	0	0.0
0.002156898995501325	0	112058	0	0	0	0	0	0	0	0	0	0	0	0	0	0.0
0.0020952733099155727	0	110024	0	0	0	0	0	0	0	0	0	0	0	0	0	0.0
0.0020336476243298205	0	107978	0	0	0	0	0	0	0	0	0	0	0	0	0	0.0
0.0019720219387440686	0	105920	0	0	0	0	0	0	0	0	0	0	0	0	0	0.0
0.0019103962531583163	0	103854	0	0	0	0	0	0	0	0	0	0	0	0	0	0.0
0.0018487705675725643	0	101782	0	0	0	0	0	0	0	0	0	0	0	0	0	0.0
0.0017871448819868122	0	99688	0	0	0	0	0	0	0	0	0	0	0	0	0	0.0
0.00172551919640106	0	97592	0	0	0	0	0	0	0	0	0	0	0	0	0	0.0
0.0016638935108153079	0	95450	0	0	0	0	0	0	0	0	0	0	0	0	0	0.0
0.0016022678252295556	0	93292	0	0	0	0	0	0	0	0	0	0	0	0	0	0.0
0.0015406421396438035	0	91090	0	0	0	0	0	0	0	0	0	0	0	0	0	0.0
0.0014790164540580515	0	88884	0	0	0	0	0	0	0	0	0	0	0	0	0	0.0
0.0014173907684722992	0	86672	0	0	0	0	0	0	0	0	0	0	0	0	0	0.0
0.0013557650828865471	0	84410	0	0	0	0	0	0	0	0	0	0	0	0	0	0.0
0.001294139397300795	0	82066	0	0	0	0	0	0	0	0	0	0	0	0	0	0.0
0.0012325137117150428	0	79714	0	0	0	0	0	0	0	0	0	0	0	0	0	0.0
0.0011708880261292907	0	77352	0	0	0	0	0	0	0	0	0	0	0	0	0	0.0
0.0011092623405435386	0	74942	0	0	0	0	0	0	0	0	0	0	0	0	0	0.0
0.0010476366549577864	0	72526	0	0	0	0	0	0	0	0	0	0	0	0	0	0.0
9.860109693720343E-4	0	70092	0	0	0	0	0	0	0	0	0	0	0	0	0	0.0
9.243852837862821E-4	0	67650	0	0	0	0	0	0	0	0	0	0	0	0	0	0.0
8.6275959820053E-4	0	65202	0	0	0	0	0	0	0	0	0	0	0	0	0	0.0
8.011339126147778E-4	0	62434	0	0	0	0	0	0	0	0	0	0	0	0	0	0.0
7.395082270290257E-4	0	59652	0	0	0	0	0	0	0	0	0	0	0	0	0	0.0
6.778825414432736E-4	0	56688	0	0	0	0	0	0	0	0	0	0	0	0	0	0.0
6.162568558575214E-4	0	53582	0	0	0	0	0	0	0	0	0	0	0	0	0	0.0
5.546311702717693E-4	0	50198	0	0	0	0	0	0	0	0	0	0	0	0	0	0.0
4.930054846860172E-4	0	46616	0	0	0	0	0	0	0	0	0	0	0	0	0	0.0
4.31379799100265E-4	0	42772	0	0	0	0	0	0	0	0	0	0	0	0	0	0.0
3.6975411351451286E-4	0	38672	0	0	0	0	0	0	0	0	0	0	0	0	0	0.0
3.081284279287607E-4	0	33722	0	0	0	0	0	0	0	0	0	0	0	0	0	0.0
2.465027423430086E-4	0	27786	0	0	0	0	0	0	0	0	0	0	0	0	0	0.0
1.8487705675725643E-4	0	21190	0	0	0	0	0	0	0	0	0	0	0	0	0	0.0
1.232513711715043E-4	0	14518	0	0	0	0	0	0	0	0	0	0	0	0	0	0.0
