Percent subgroups	3_GP_06_08_10_	4_GP_06_08_09_10_	2_GP_06_09_	2_GP_06_08_	1_GP_09_	1_GP_08_	2_GP_08_10_	3_GP_06_09_10_	2_GP_06_10_	3_GP_06_08_09_	1_GP_06_	2_GP_08_09_	1_GP_10_	3_GP_08_09_10_	2_GP_09_10_	OnePepPercent
1.0	152	4808	65	26	1029	510	378	205	704	243	674	783	3502	2446	702	0.3634988656415427
1.0	152	4808	65	26	1029	510	378	205	704	243	674	783	3502	2446	702	0.3634988656415427
0.7871448819868121	152	4808	65	26	230	61	378	205	704	243	319	783	1651	2446	702	0.10694167605511742
0.6962469957478277	152	4808	56	18	76	14	287	205	676	243	142	645	964	2446	566	0.04359874376501016
0.6391816108954212	148	4808	42	14	33	5	213	202	601	240	118	501	630	2380	437	0.021670606776989756
0.5943181117889936	139	4807	33	8	15	3	171	194	551	234	82	398	400	2278	331	0.013025210084033614
0.5597461021753867	135	4802	16	6	9	2	116	186	497	223	61	330	264	2176	260	0.008214008214008214
0.53256917483207	126	4794	11	5	5	1	92	175	442	211	46	273	188	2077	196	0.006170683432297124
0.5084735317680409	117	4779	10	3	4	1	74	156	397	192	36	232	144	1950	156	0.005116335729077841
0.48665803907068467	110	4756	9	3	2	1	59	148	349	174	26	196	105	1830	129	0.0035582666158342864
0.46823195908054477	100	4729	8	2	0	1	48	136	325	156	20	170	76	1720	107	0.002771545466543487
0.4506686386886054	95	4691	6	2	0	1	35	126	295	147	14	149	55	1609	88	0.0023300438596491227
0.43427620632279534	86	4653	6	2	0	1	28	107	268	141	9	128	40	1516	62	0.0017057569296375266
0.4193627904110433	78	4606	6	2	0	1	26	99	236	134	9	110	37	1412	49	0.001324308416715715
0.40722253035065015	67	4564	4	1	0	1	21	94	217	130	8	97	27	1334	43	9.088155104513784E-4
0.39563690146052877	65	4525	4	1	0	1	17	87	200	122	8	78	21	1253	38	7.79423226812159E-4
0.38349664140013556	63	4462	4	1	0	0	15	79	186	115	7	69	17	1175	30	8.041170794467674E-4
0.3716028840820854	56	4413	4	0	0	0	12	65	166	109	6	61	13	1103	22	8.298755186721991E-4
0.36242065692980835	54	4362	4	0	0	0	11	61	153	103	6	47	10	1049	21	5.103776794828172E-4
0.3526837986072595	51	4306	2	0	0	0	11	57	143	96	6	39	8	984	20	5.244755244755245E-4
0.34350157145498245	46	4258	1	0	0	0	8	53	131	89	6	36	7	923	16	5.385029617662897E-4
0.3347507241018056	43	4208	1	0	0	0	6	48	122	86	2	35	6	863	12	5.525879535826119E-4
0.3273556418315154	38	4164	1	0	0	0	5	46	118	84	2	28	6	808	12	3.766478342749529E-4
0.32106982190176864	37	4119	1	0	0	0	4	43	107	83	2	26	5	771	12	3.8402457757296467E-4
0.31404449374499294	37	4078	1	0	0	0	2	38	101	76	2	22	5	722	12	1.9627085377821394E-4
0.3052936463918161	33	4020	1	0	0	0	2	35	90	72	2	19	5	666	9	2.018978396931153E-4
0.2983915696062119	33	3966	1	0	0	0	2	31	85	71	2	16	4	624	7	0.0
0.29222900104763666	33	3916	1	0	0	0	2	29	81	70	2	15	3	583	7	0.0
0.28538854994761814	29	3861	1	0	0	0	1	28	77	65	2	12	3	546	6	0.0
0.2796573611881432	29	3821	1	0	0	0	1	25	72	61	2	11	3	507	5	0.0
0.27522031182596907	28	3781	1	0	0	0	1	24	70	58	2	9	3	484	5	0.0
0.27047513403586615	28	3744	1	0	0	0	0	24	66	57	2	9	2	452	4	0.0
0.2648671966475627	28	3684	1	0	0	0	0	23	62	56	2	7	2	430	3	0.0
0.2598755161151168	27	3630	1	0	0	0	0	23	55	55	2	7	2	413	2	0.0
0.25543846675294263	26	3589	1	0	0	0	0	22	51	53	2	5	2	392	2	0.0
0.2512479201331115	26	3552	1	0	0	0	0	20	49	49	2	5	2	369	2	0.0
0.24681087077093733	24	3506	1	0	0	0	0	19	46	49	2	5	2	349	2	0.0
0.24268194983669195	22	3467	1	0	0	0	0	19	44	46	2	5	2	329	1	0.0
0.23879953164478954	20	3428	1	0	0	0	0	17	41	45	2	5	2	313	1	0.0
0.23442410796820115	20	3380	1	0	0	0	0	17	37	45	1	5	2	295	1	0.0
0.23103469526098477	20	3346	1	0	0	0	0	17	36	42	1	5	2	278	1	0.0
0.2281999137240402	20	3319	0	0	0	0	0	14	35	42	0	5	1	266	1	0.0
0.223516361619523	18	3266	0	0	0	0	0	14	33	41	0	4	1	249	1	0.0
0.21926418931410613	16	3220	0	0	0	0	0	13	30	40	0	4	1	233	1	0.0
0.21562827386454675	14	3177	0	0	0	0	0	13	30	40	0	4	1	219	1	0.0
0.21230048684291614	13	3136	0	0	0	0	0	11	27	40	0	4	1	212	1	0.0
0.20934245393480003	11	3098	0	0	0	0	0	11	27	40	0	3	1	205	1	0.0
0.20663092376902692	11	3063	0	0	0	0	0	10	26	38	0	3	1	200	1	0.0
0.20385776791766808	11	3025	0	0	0	0	0	10	26	37	0	3	0	195	1	0.0
0.2012694891230665	11	2992	0	0	0	0	0	10	26	36	0	3	0	187	1	0.0
0.1983114562149504	9	2958	0	0	0	0	0	10	25	34	0	2	0	179	1	0.0
0.19590805447710605	7	2929	0	0	0	0	0	10	23	33	0	2	0	174	1	0.0
0.1932581499969187	7	2898	0	0	0	0	0	9	23	32	0	2	0	164	1	0.0
0.19060824551673136	6	2862	0	0	0	0	0	9	22	32	0	2	0	159	1	0.0
0.18801996672212978	6	2824	0	0	0	0	0	9	22	30	0	2	0	157	1	0.0
0.18635607321131448	6	2802	0	0	0	0	0	9	22	29	0	2	0	153	1	0.0
0.18382942010229864	5	2768	0	0	0	0	0	9	20	28	0	2	0	150	1	0.0
0.18198064953472606	5	2745	0	0	0	0	0	9	19	27	0	2	0	145	1	0.0
0.1798853762248105	5	2717	0	0	0	0	0	9	18	26	0	2	0	141	1	0.0
0.17779010291489492	4	2692	0	0	0	0	0	8	17	23	0	2	0	138	1	0.0
0.1758797066617366	4	2665	0	0	0	0	0	7	17	22	0	1	0	137	1	0.0
0.17347630492389227	4	2636	0	0	0	0	0	7	16	22	0	1	0	128	1	0.0
0.1711345288716337	4	2599	0	0	0	0	0	7	16	21	0	1	0	128	1	0.0
0.16885437850496088	4	2574	0	0	0	0	0	7	15	21	0	1	0	117	1	0.0
0.16694398225180254	4	2550	0	0	0	0	0	7	15	19	0	1	0	112	1	0.0
0.1649719603130585	4	2524	0	0	0	0	0	7	15	18	0	1	0	107	1	0.0
0.16330806680224316	4	2499	0	0	0	0	0	6	15	18	0	1	0	106	1	0.0
0.16158254760584212	4	2475	0	0	0	0	0	6	15	17	0	1	0	103	1	0.0
0.1597954027238553	4	2451	0	0	0	0	0	5	14	17	0	1	0	100	1	0.0
0.15856288901214027	4	2435	0	0	0	0	0	5	14	16	0	1	0	97	1	0.0
0.15677574413015344	4	2415	0	0	0	0	0	5	12	15	0	1	0	92	0	0.0
0.1551734763049239	4	2390	0	0	0	0	0	5	12	15	0	1	0	91	0	0.0
0.15369445985086583	4	2371	0	0	0	0	0	5	11	15	0	1	0	87	0	0.0
0.15227706908239355	4	2352	0	0	0	0	0	5	11	13	0	1	0	85	0	0.0
0.15061317557157824	4	2328	0	0	0	0	0	5	11	13	0	1	0	82	0	0.0
0.14888765637517717	4	2305	0	0	0	0	0	3	11	12	0	1	0	80	0	0.0
0.1470388858076046	4	2279	0	0	0	0	0	3	10	12	0	1	0	77	0	0.0
0.14599124915264683	4	2267	0	0	0	0	0	3	10	12	0	1	0	72	0	0.0
0.1440808528994885	4	2238	0	0	0	0	0	3	9	12	0	1	0	71	0	0.0
0.14247858507425895	4	2214	0	0	0	0	0	3	9	12	0	1	0	69	0	0.0
0.14093794293461515	3	2190	0	0	0	0	0	3	9	12	0	1	0	69	0	0.0
0.13915079805262834	3	2163	0	0	0	0	0	2	9	12	0	1	0	68	0	0.0
0.1379182843409133	3	2144	0	0	0	0	0	2	9	12	0	1	0	67	0	0.0
0.1363776422012695	3	2120	0	0	0	0	0	2	9	12	0	1	0	66	0	0.0
0.1345904973192827	2	2093	0	0	0	0	0	2	9	12	0	1	0	65	0	0.0
0.13274172675171012	2	2065	0	0	0	0	0	2	9	12	0	1	0	63	0	0.0
0.13089295618413754	2	2041	0	0	0	0	0	2	8	11	0	1	0	59	0	0.0
0.129783693843594	2	2024	0	0	0	0	0	2	8	11	0	1	0	58	0	0.0
0.12867443150305047	2	2009	0	0	0	0	0	2	8	10	0	1	0	56	0	0.0
0.12713378936340666	2	1985	0	0	0	0	0	2	8	10	0	1	0	55	0	0.0
0.1259629013372774	2	1967	0	0	0	0	0	2	8	10	0	1	0	54	0	0.0
0.12485363899673384	2	1950	0	0	0	0	0	2	8	10	0	1	0	53	0	0.0
0.12343624822826153	2	1930	0	0	0	0	0	2	7	10	0	1	0	51	0	0.0
0.12214210883096074	2	1913	0	0	0	0	0	2	7	8	0	1	0	49	0	0.0
0.1210328464904172	2	1899	0	0	0	0	0	2	7	7	0	1	0	46	0	0.0
0.11973870709311642	1	1882	0	0	0	0	0	2	7	7	0	0	0	44	0	0.0
0.11906082455167313	1	1872	0	0	0	0	0	2	7	6	0	0	0	44	0	0.0
0.11758180809761509	1	1851	0	0	0	0	0	2	6	5	0	0	0	43	0	0.0
0.11622604301472854	1	1830	0	0	0	0	0	2	6	5	0	0	0	42	0	0.0
0.11487027793184199	1	1811	0	0	0	0	0	2	6	5	0	0	0	39	0	0.0
0.11363776422012695	1	1792	0	0	0	0	0	2	5	5	0	0	0	39	0	0.0
0.11252850187958341	1	1777	0	0	0	0	0	2	5	5	0	0	0	36	0	0.0
0.1111111111111111	1	1756	0	0	0	0	0	2	5	5	0	0	0	34	0	0.0
0.11030997719849633	1	1745	0	0	0	0	0	1	5	5	0	0	0	33	0	0.0
0.10938559191471005	1	1730	0	0	0	0	0	1	5	5	0	0	0	33	0	0.0
0.10827632957416651	1	1713	0	0	0	0	0	1	5	5	0	0	0	32	0	0.0
0.10729031860479447	1	1699	0	0	0	0	0	1	4	4	0	0	0	32	0	0.0
0.10630430763542244	1	1685	0	0	0	0	0	1	4	4	0	0	0	30	0	0.0
0.10488691686695015	1	1663	0	0	0	0	0	1	4	4	0	0	0	29	0	0.0
0.10414740863992111	1	1651	0	0	0	0	0	1	4	4	0	0	0	29	0	0.0
0.10340790041289209	1	1640	0	0	0	0	0	1	3	4	0	0	0	29	0	0.0
0.10205213533000555	1	1621	0	0	0	0	0	1	3	3	0	0	0	27	0	0.0
0.10131262710297652	1	1609	0	0	0	0	0	1	3	3	0	0	0	27	0	0.0
0.10038824181919023	1	1595	0	0	0	0	0	1	2	3	0	0	0	27	0	0.0
0.09921735379306094	1	1576	0	0	0	0	0	1	2	3	0	0	0	27	0	0.0
0.09841621988044617	1	1565	0	0	0	0	0	1	2	3	0	0	0	25	0	0.0
0.09749183459665989	1	1551	0	0	0	0	0	1	2	3	0	0	0	24	0	0.0
0.09650582362728785	1	1537	0	0	0	0	0	1	2	2	0	0	0	23	0	0.0
0.09576631540025883	1	1526	0	0	0	0	0	1	2	2	0	0	0	22	0	0.0
0.0950268071732298	1	1514	0	0	0	0	0	1	2	2	0	0	0	22	0	0.0
0.09416404757502927	1	1500	0	0	0	0	0	1	2	2	0	0	0	22	0	0.0
0.09305478523448574	1	1485	0	0	0	0	0	1	2	1	0	0	0	20	0	0.0
0.09237690269304245	1	1474	0	0	0	0	0	1	2	1	0	0	0	20	0	0.0
0.09145251740925618	1	1460	0	0	0	0	0	1	1	1	0	0	0	20	0	0.0
0.09071300918222715	1	1450	0	0	0	0	0	1	0	1	0	0	0	19	0	0.0
0.09009675232636963	1	1441	0	0	0	0	0	1	0	0	0	0	0	19	0	0.0
0.08948049547051211	1	1433	0	0	0	0	0	1	0	0	0	0	0	17	0	0.0
0.08849448450114007	1	1417	0	0	0	0	0	1	0	0	0	0	0	17	0	0.0
0.0876933505885253	1	1404	0	0	0	0	0	1	0	0	0	0	0	17	0	0.0
0.08676896530473902	1	1390	0	0	0	0	0	1	0	0	0	0	0	16	0	0.0
0.08621433413446725	1	1381	0	0	0	0	0	1	0	0	0	0	0	16	0	0.0
0.08535157453626671	0	1369	0	0	0	0	0	1	0	0	0	0	0	15	0	0.0
0.08479694336599494	0	1360	0	0	0	0	0	1	0	0	0	0	0	15	0	0.0
0.08405743513896592	0	1348	0	0	0	0	0	1	0	0	0	0	0	15	0	0.0
0.08337955259752265	0	1337	0	0	0	0	0	1	0	0	0	0	0	15	0	0.0
0.08282492142725088	0	1328	0	0	0	0	0	1	0	0	0	0	0	15	0	0.0
0.08245516731373637	0	1322	0	0	0	0	0	1	0	0	0	0	0	15	0	0.0
0.08171565908670735	0	1310	0	0	0	0	0	1	0	0	0	0	0	15	0	0.0
0.08116102791643558	0	1303	0	0	0	0	0	1	0	0	0	0	0	13	0	0.0
0.08029826831823504	0	1290	0	0	0	0	0	1	0	0	0	0	0	12	0	0.0
0.07974363714796327	0	1281	0	0	0	0	0	1	0	0	0	0	0	12	0	0.0
0.07894250323534849	0	1268	0	0	0	0	0	1	0	0	0	0	0	12	0	0.0
0.07820299500831947	0	1257	0	0	0	0	0	1	0	0	0	0	0	11	0	0.0
0.07758673815246195	0	1247	0	0	0	0	0	1	0	0	0	0	0	11	0	0.0
0.0774018610957047	0	1244	0	0	0	0	0	1	0	0	0	0	0	11	0	0.0
0.07697048129660443	0	1237	0	0	0	0	0	1	0	0	0	0	0	11	0	0.0
0.07641585012633266	0	1228	0	0	0	0	0	1	0	0	0	0	0	11	0	0.0
0.07586121895606089	0	1220	0	0	0	0	0	1	0	0	0	0	0	10	0	0.0
0.07524496210020336	0	1211	0	0	0	0	0	1	0	0	0	0	0	9	0	0.0
0.07438220250200284	0	1197	0	0	0	0	0	1	0	0	0	0	0	9	0	0.0
0.07358106858938805	0	1184	0	0	0	0	0	1	0	0	0	0	0	9	0	0.0
0.0731496887902878	0	1177	0	0	0	0	0	1	0	0	0	0	0	9	0	0.0
0.07296481173353053	0	1174	0	0	0	0	0	1	0	0	0	0	0	9	0	0.0
0.07247180624884451	0	1167	0	0	0	0	0	1	0	0	0	0	0	8	0	0.0
0.07216367782091576	0	1162	0	0	0	0	0	1	0	0	0	0	0	8	0	0.0
0.07179392370740124	0	1156	0	0	0	0	0	1	0	0	0	0	0	8	0	0.0
0.07136254390830098	0	1150	0	0	0	0	0	1	0	0	0	0	0	7	0	0.0
0.07074628705244346	0	1141	0	0	0	0	0	1	0	0	0	0	0	6	0	0.0
0.07031490725334319	0	1134	0	0	0	0	0	1	0	0	0	0	0	6	0	0.0
0.06982190176865717	0	1126	0	0	0	0	0	1	0	0	0	0	0	6	0	0.0
0.06939052196955692	0	1119	0	0	0	0	0	1	0	0	0	0	0	6	0	0.0
0.06895914217045665	0	1112	0	0	0	0	0	1	0	0	0	0	0	6	0	0.0
0.06840451100018488	0	1104	0	0	0	0	0	1	0	0	0	0	0	5	0	0.0
0.06797313120108461	0	1097	0	0	0	0	0	1	0	0	0	0	0	5	0	0.0
0.0676033770875701	0	1091	0	0	0	0	0	1	0	0	0	0	0	5	0	0.0
0.06704874591729833	0	1082	0	0	0	0	0	1	0	0	0	0	0	5	0	0.0
0.06661736611819806	0	1075	0	0	0	0	0	1	0	0	0	0	0	5	0	0.0
0.06637086337585506	0	1071	0	0	0	0	0	1	0	0	0	0	0	5	0	0.0
0.06563135514882604	0	1059	0	0	0	0	0	1	0	0	0	0	0	5	0	0.0
0.06519997534972577	0	1052	0	0	0	0	0	1	0	0	0	0	0	5	0	0.0
0.06507672397855425	0	1050	0	0	0	0	0	1	0	0	0	0	0	5	0	0.0
0.06439884143711098	0	1039	0	0	0	0	0	1	0	0	0	0	0	5	0	0.0
0.06427559006593948	0	1037	0	0	0	0	0	1	0	0	0	0	0	5	0	0.0
0.06372095889566771	0	1028	0	0	0	0	0	1	0	0	0	0	0	5	0	0.0
0.0632279534109817	0	1020	0	0	0	0	0	1	0	0	0	0	0	5	0	0.0
0.06279657361188143	0	1013	0	0	0	0	0	1	0	0	0	0	0	5	0	0.0
0.06205706538485241	0	1002	0	0	0	0	0	1	0	0	0	0	0	4	0	0.0
0.06144080852899488	0	992	0	0	0	0	0	1	0	0	0	0	0	4	0	0.0
0.06100942872989462	0	985	0	0	0	0	0	1	0	0	0	0	0	4	0	0.0
0.060639674616380104	0	980	0	0	0	0	0	1	0	0	0	0	0	3	0	0.0
0.060269920502865594	0	974	0	0	0	0	0	1	0	0	0	0	0	3	0	0.0
0.059838540703765326	0	967	0	0	0	0	0	1	0	0	0	0	0	3	0	0.0
0.059468786590250816	0	961	0	0	0	0	0	1	0	0	0	0	0	3	0	0.0
0.05922228384790781	0	957	0	0	0	0	0	1	0	0	0	0	0	3	0	0.0
0.0589757811055648	0	953	0	0	0	0	0	1	0	0	0	0	0	3	0	0.0
0.05823627287853577	0	942	0	0	0	0	0	1	0	0	0	0	0	2	0	0.0
0.05762001602267825	0	933	0	0	0	0	0	0	0	0	0	0	0	2	0	0.0
0.05743513896592099	0	930	0	0	0	0	0	0	0	0	0	0	0	2	0	0.0
0.05706538485240648	0	924	0	0	0	0	0	0	0	0	0	0	0	2	0	0.0
0.056880507795649224	0	921	0	0	0	0	0	0	0	0	0	0	0	2	0	0.0
0.056510753682134714	0	915	0	0	0	0	0	0	0	0	0	0	0	2	0	0.0
0.056079373883034446	0	908	0	0	0	0	0	0	0	0	0	0	0	2	0	0.0
0.055647994083934185	0	901	0	0	0	0	0	0	0	0	0	0	0	2	0	0.0
0.055093362913662416	0	893	0	0	0	0	0	0	0	0	0	0	0	1	0	0.0
0.0547236088001479	0	887	0	0	0	0	0	0	0	0	0	0	0	1	0	0.0
0.05441548037221914	0	882	0	0	0	0	0	0	0	0	0	0	0	1	0	0.0
0.05410735194429038	0	877	0	0	0	0	0	0	0	0	0	0	0	1	0	0.0
0.05361434645960436	0	870	0	0	0	0	0	0	0	0	0	0	0	0	0	0.0
0.05299808960374684	0	860	0	0	0	0	0	0	0	0	0	0	0	0	0	0.0
0.05262833549023233	0	854	0	0	0	0	0	0	0	0	0	0	0	0	0	0.0
0.05238183274788932	0	850	0	0	0	0	0	0	0	0	0	0	0	0	0	0.0
0.051950452948789055	0	843	0	0	0	0	0	0	0	0	0	0	0	0	0	0.0
0.051580698835274545	0	837	0	0	0	0	0	0	0	0	0	0	0	0	0	0.0
0.05139582177851729	0	834	0	0	0	0	0	0	0	0	0	0	0	0	0	0.0
0.05108769335058853	0	829	0	0	0	0	0	0	0	0	0	0	0	0	0	0.0
0.05090281629383127	0	826	0	0	0	0	0	0	0	0	0	0	0	0	0	0.0
0.05053306218031676	0	820	0	0	0	0	0	0	0	0	0	0	0	0	0	0.0
0.05028655943797375	0	816	0	0	0	0	0	0	0	0	0	0	0	0	0	0.0
0.04997843101004499	0	811	0	0	0	0	0	0	0	0	0	0	0	0	0	0.0
0.04973192826770198	0	807	0	0	0	0	0	0	0	0	0	0	0	0	0	0.0
0.04923892278301596	0	799	0	0	0	0	0	0	0	0	0	0	0	0	0	0.0
0.04899242004067295	0	795	0	0	0	0	0	0	0	0	0	0	0	0	0	0.0
0.048561040241572685	0	788	0	0	0	0	0	0	0	0	0	0	0	0	0	0.0
0.048376163184815434	0	785	0	0	0	0	0	0	0	0	0	0	0	0	0	0.0
0.048129660442472424	0	781	0	0	0	0	0	0	0	0	0	0	0	0	0	0.0
0.047883157700129415	0	777	0	0	0	0	0	0	0	0	0	0	0	0	0	0.0
0.047636654957786406	0	773	0	0	0	0	0	0	0	0	0	0	0	0	0	0.0
0.04745177790102915	0	770	0	0	0	0	0	0	0	0	0	0	0	0	0	0.0
0.04689714673075738	0	761	0	0	0	0	0	0	0	0	0	0	0	0	0	0.0
0.04658901830282862	0	756	0	0	0	0	0	0	0	0	0	0	0	0	0	0.0
0.04634251556048561	0	752	0	0	0	0	0	0	0	0	0	0	0	0	0	0.0
0.04621926418931411	0	750	0	0	0	0	0	0	0	0	0	0	0	0	0	0.0
0.04591113576138534	0	745	0	0	0	0	0	0	0	0	0	0	0	0	0	0.0
0.04572625870462809	0	742	0	0	0	0	0	0	0	0	0	0	0	0	0	0.0
0.04554138164787083	0	739	0	0	0	0	0	0	0	0	0	0	0	0	0	0.0
0.045110001848770565	0	732	0	0	0	0	0	0	0	0	0	0	0	0	0	0.0
0.04492512479201331	0	729	0	0	0	0	0	0	0	0	0	0	0	0	0	0.0
0.044247242250570036	0	718	0	0	0	0	0	0	0	0	0	0	0	0	0	0.0
0.044062365193812784	0	715	0	0	0	0	0	0	0	0	0	0	0	0	0	0.0
0.043815862451469775	0	711	0	0	0	0	0	0	0	0	0	0	0	0	0	0.0
0.04369261108029827	0	709	0	0	0	0	0	0	0	0	0	0	0	0	0	0.0
0.04344610833795526	0	705	0	0	0	0	0	0	0	0	0	0	0	0	0	0.0
0.04338448265236951	0	704	0	0	0	0	0	0	0	0	0	0	0	0	0	0.0
0.0431379799100265	0	700	0	0	0	0	0	0	0	0	0	0	0	0	0	0.0
0.043014728538855	0	698	0	0	0	0	0	0	0	0	0	0	0	0	0	0.0
0.04289147716768349	0	696	0	0	0	0	0	0	0	0	0	0	0	0	0	0.0
0.04264497442534048	0	692	0	0	0	0	0	0	0	0	0	0	0	0	0	0.0
0.04239847168299747	0	688	0	0	0	0	0	0	0	0	0	0	0	0	0	0.0
0.04227522031182597	0	686	0	0	0	0	0	0	0	0	0	0	0	0	0	0.0
0.04202871756948296	0	682	0	0	0	0	0	0	0	0	0	0	0	0	0	0.0
0.04165896345596845	0	676	0	0	0	0	0	0	0	0	0	0	0	0	0	0.0
0.04147408639921119	0	673	0	0	0	0	0	0	0	0	0	0	0	0	0	0.0
0.041350835028039684	0	671	0	0	0	0	0	0	0	0	0	0	0	0	0	0.0
0.04091945522893942	0	664	0	0	0	0	0	0	0	0	0	0	0	0	0	0.0
0.040672952486596414	0	660	0	0	0	0	0	0	0	0	0	0	0	0	0	0.0
0.040364824058667655	0	655	0	0	0	0	0	0	0	0	0	0	0	0	0	0.0
0.0403031983730819	0	654	0	0	0	0	0	0	0	0	0	0	0	0	0	0.0
0.040118321316324645	0	651	0	0	0	0	0	0	0	0	0	0	0	0	0	0.0
0.03993344425956739	0	648	0	0	0	0	0	0	0	0	0	0	0	0	0	0.0
0.039871818573981636	0	647	0	0	0	0	0	0	0	0	0	0	0	0	0	0.0
0.03962531583163863	0	643	0	0	0	0	0	0	0	0	0	0	0	0	0	0.0
0.03956369014605288	0	642	0	0	0	0	0	0	0	0	0	0	0	0	0	0.0
0.03937881308929562	0	639	0	0	0	0	0	0	0	0	0	0	0	0	0	0.0
0.03919393603253836	0	636	0	0	0	0	0	0	0	0	0	0	0	0	0	0.0
0.03900905897578111	0	633	0	0	0	0	0	0	0	0	0	0	0	0	0	0.0
0.03894743329019535	0	632	0	0	0	0	0	0	0	0	0	0	0	0	0	0.0
0.0388858076046096	0	631	0	0	0	0	0	0	0	0	0	0	0	0	0	0.0
0.03882418191902385	0	630	0	0	0	0	0	0	0	0	0	0	0	0	0	0.0
0.03870093054785235	0	628	0	0	0	0	0	0	0	0	0	0	0	0	0	0.0
0.03863930486226659	0	627	0	0	0	0	0	0	0	0	0	0	0	0	0	0.0
0.03845442780550934	0	624	0	0	0	0	0	0	0	0	0	0	0	0	0	0.0
0.03814629937758057	0	619	0	0	0	0	0	0	0	0	0	0	0	0	0	0.0
0.03789979663523757	0	615	0	0	0	0	0	0	0	0	0	0	0	0	0	0.0
0.03777654526406606	0	613	0	0	0	0	0	0	0	0	0	0	0	0	0	0.0
0.03771491957848031	0	612	0	0	0	0	0	0	0	0	0	0	0	0	0	0.0
0.03753004252172305	0	609	0	0	0	0	0	0	0	0	0	0	0	0	0	0.0
0.037345165464965795	0	606	0	0	0	0	0	0	0	0	0	0	0	0	0	0.0
0.037221914093794294	0	604	0	0	0	0	0	0	0	0	0	0	0	0	0	0.0
0.037037037037037035	0	601	0	0	0	0	0	0	0	0	0	0	0	0	0	0.0
0.036667282923522525	0	595	0	0	0	0	0	0	0	0	0	0	0	0	0	0.0
0.036605657237936774	0	594	0	0	0	0	0	0	0	0	0	0	0	0	0	0.0
0.036297528810008015	0	589	0	0	0	0	0	0	0	0	0	0	0	0	0	0.0
0.03598940038207925	0	584	0	0	0	0	0	0	0	0	0	0	0	0	0	0.0
0.035804523325321996	0	581	0	0	0	0	0	0	0	0	0	0	0	0	0	0.0
0.03561964626856474	0	578	0	0	0	0	0	0	0	0	0	0	0	0	0	0.0
0.03555802058297899	0	577	0	0	0	0	0	0	0	0	0	0	0	0	0	0.0
0.03531151784063598	0	573	0	0	0	0	0	0	0	0	0	0	0	0	0	0.0
0.03506501509829297	0	569	0	0	0	0	0	0	0	0	0	0	0	0	0	0.0
0.03481851235594996	0	565	0	0	0	0	0	0	0	0	0	0	0	0	0	0.0
0.0345103839280212	0	560	0	0	0	0	0	0	0	0	0	0	0	0	0	0.0
0.03438713255684969	0	558	0	0	0	0	0	0	0	0	0	0	0	0	0	0.0
0.03414062981450668	0	554	0	0	0	0	0	0	0	0	0	0	0	0	0	0.0
0.03401737844333518	0	552	0	0	0	0	0	0	0	0	0	0	0	0	0	0.0
0.03377087570099217	0	548	0	0	0	0	0	0	0	0	0	0	0	0	0	0.0
0.033524372958649164	0	544	0	0	0	0	0	0	0	0	0	0	0	0	0	0.0
0.033216244530720404	0	539	0	0	0	0	0	0	0	0	0	0	0	0	0	0.0
0.033154618845134654	0	538	0	0	0	0	0	0	0	0	0	0	0	0	0	0.0
0.032969741788377395	0	535	0	0	0	0	0	0	0	0	0	0	0	0	0	0.0
0.032846490417205894	0	533	0	0	0	0	0	0	0	0	0	0	0	0	0	0.0
0.032661613360448635	0	530	0	0	0	0	0	0	0	0	0	0	0	0	0	0.0
0.03253836198927713	0	528	0	0	0	0	0	0	0	0	0	0	0	0	0	0.0
0.032415110618105626	0	526	0	0	0	0	0	0	0	0	0	0	0	0	0	0.0
0.03223023356134837	0	523	0	0	0	0	0	0	0	0	0	0	0	0	0	0.0
0.032045356504591116	0	520	0	0	0	0	0	0	0	0	0	0	0	0	0	0.0
0.03186047944783386	0	517	0	0	0	0	0	0	0	0	0	0	0	0	0	0.0
0.03179885376224811	0	516	0	0	0	0	0	0	0	0	0	0	0	0	0	0.0
0.03161397670549085	0	513	0	0	0	0	0	0	0	0	0	0	0	0	0	0.0
0.03149072533431935	0	511	0	0	0	0	0	0	0	0	0	0	0	0	0	0.0
0.03142909964873359	0	510	0	0	0	0	0	0	0	0	0	0	0	0	0	0.0
0.03136747396314784	0	509	0	0	0	0	0	0	0	0	0	0	0	0	0	0.0
0.03112097122080483	0	505	0	0	0	0	0	0	0	0	0	0	0	0	0	0.0
0.030997719849633325	0	503	0	0	0	0	0	0	0	0	0	0	0	0	0	0.0
0.030874468478461824	0	501	0	0	0	0	0	0	0	0	0	0	0	0	0	0.0
0.030689591421704566	0	498	0	0	0	0	0	0	0	0	0	0	0	0	0	0.0
0.03056634005053306	0	496	0	0	0	0	0	0	0	0	0	0	0	0	0	0.0
0.030443088679361557	0	494	0	0	0	0	0	0	0	0	0	0	0	0	0	0.0
0.0302582116226043	0	491	0	0	0	0	0	0	0	0	0	0	0	0	0	0.0
0.030011708880261292	0	487	0	0	0	0	0	0	0	0	0	0	0	0	0	0.0
0.029888457509089788	0	485	0	0	0	0	0	0	0	0	0	0	0	0	0	0.0
0.029826831823504037	0	484	0	0	0	0	0	0	0	0	0	0	0	0	0	0.0
0.029703580452332533	0	482	0	0	0	0	0	0	0	0	0	0	0	0	0	0.0
0.029518703395575274	0	479	0	0	0	0	0	0	0	0	0	0	0	0	0	0.0
0.029148949282060764	0	473	0	0	0	0	0	0	0	0	0	0	0	0	0	0.0
0.028964072225303505	0	470	0	0	0	0	0	0	0	0	0	0	0	0	0	0.0
0.028717569482960496	0	466	0	0	0	0	0	0	0	0	0	0	0	0	0	0.0
0.02847106674061749	0	462	0	0	0	0	0	0	0	0	0	0	0	0	0	0.0
0.028409441055031737	0	461	0	0	0	0	0	0	0	0	0	0	0	0	0	0.0
0.028162938312688728	0	457	0	0	0	0	0	0	0	0	0	0	0	0	0	0.0
0.02791643557034572	0	453	0	0	0	0	0	0	0	0	0	0	0	0	0	0.0
0.027854809884759968	0	452	0	0	0	0	0	0	0	0	0	0	0	0	0	0.0
0.027793184199174217	0	451	0	0	0	0	0	0	0	0	0	0	0	0	0	0.0
0.027731558513588463	0	450	0	0	0	0	0	0	0	0	0	0	0	0	0	0.0
0.02760830714241696	0	448	0	0	0	0	0	0	0	0	0	0	0	0	0	0.0
0.027546681456831208	0	447	0	0	0	0	0	0	0	0	0	0	0	0	0	0.0
0.027238553028902445	0	442	0	0	0	0	0	0	0	0	0	0	0	0	0	0.0
0.027176927343316695	0	441	0	0	0	0	0	0	0	0	0	0	0	0	0	0.0
0.026930424600973685	0	437	0	0	0	0	0	0	0	0	0	0	0	0	0	0.0
0.02680717322980218	0	435	0	0	0	0	0	0	0	0	0	0	0	0	0	0.0
0.026683921858630676	0	433	0	0	0	0	0	0	0	0	0	0	0	0	0	0.0
0.026560670487459172	0	431	0	0	0	0	0	0	0	0	0	0	0	0	0	0.0
0.026437419116287667	0	429	0	0	0	0	0	0	0	0	0	0	0	0	0	0.0
0.026252542059530412	0	426	0	0	0	0	0	0	0	0	0	0	0	0	0	0.0
0.026129290688358908	0	424	0	0	0	0	0	0	0	0	0	0	0	0	0	0.0
0.025944413631601652	0	421	0	0	0	0	0	0	0	0	0	0	0	0	0	0.0
0.025821162260430148	0	419	0	0	0	0	0	0	0	0	0	0	0	0	0	0.0
0.025697910889258643	0	417	0	0	0	0	0	0	0	0	0	0	0	0	0	0.0
0.025451408146915634	0	413	0	0	0	0	0	0	0	0	0	0	0	0	0	0.0
0.02532815677574413	0	411	0	0	0	0	0	0	0	0	0	0	0	0	0	0.0
0.025204905404572625	0	409	0	0	0	0	0	0	0	0	0	0	0	0	0	0.0
0.025143279718986875	0	408	0	0	0	0	0	0	0	0	0	0	0	0	0	0.0
0.024958402662229616	0	405	0	0	0	0	0	0	0	0	0	0	0	0	0	0.0
0.024896776976643865	0	404	0	0	0	0	0	0	0	0	0	0	0	0	0	0.0
0.02483515129105811	0	403	0	0	0	0	0	0	0	0	0	0	0	0	0	0.0
0.02471189991988661	0	401	0	0	0	0	0	0	0	0	0	0	0	0	0	0.0
0.0244653971775436	0	397	0	0	0	0	0	0	0	0	0	0	0	0	0	0.0
0.024403771491957847	0	396	0	0	0	0	0	0	0	0	0	0	0	0	0	0.0
0.024218894435200592	0	393	0	0	0	0	0	0	0	0	0	0	0	0	0	0.0
0.024095643064029088	0	391	0	0	0	0	0	0	0	0	0	0	0	0	0	0.0
0.023725888950514574	0	385	0	0	0	0	0	0	0	0	0	0	0	0	0	0.0
0.02360263757934307	0	383	0	0	0	0	0	0	0	0	0	0	0	0	0	0.0
0.023417760522585814	0	380	0	0	0	0	0	0	0	0	0	0	0	0	0	0.0
0.02323288346582856	0	377	0	0	0	0	0	0	0	0	0	0	0	0	0	0.0
0.0230480064090713	0	374	0	0	0	0	0	0	0	0	0	0	0	0	0	0.0
0.022863129352314045	0	371	0	0	0	0	0	0	0	0	0	0	0	0	0	0.0
0.022616626609971036	0	367	0	0	0	0	0	0	0	0	0	0	0	0	0	0.0
0.02243174955321378	0	364	0	0	0	0	0	0	0	0	0	0	0	0	0	0.0
0.022308498182042277	0	362	0	0	0	0	0	0	0	0	0	0	0	0	0	0.0
0.022185246810870772	0	360	0	0	0	0	0	0	0	0	0	0	0	0	0	0.0
0.022123621125285018	0	359	0	0	0	0	0	0	0	0	0	0	0	0	0	0.0
0.022000369754113513	0	357	0	0	0	0	0	0	0	0	0	0	0	0	0	0.0
0.02187711838294201	0	355	0	0	0	0	0	0	0	0	0	0	0	0	0	0.0
0.02181549269735626	0	354	0	0	0	0	0	0	0	0	0	0	0	0	0	0.0
0.021753867011770504	0	353	0	0	0	0	0	0	0	0	0	0	0	0	0	0.0
0.021630615640599003	0	351	0	0	0	0	0	0	0	0	0	0	0	0	0	0.0
0.021445738583841745	0	348	0	0	0	0	0	0	0	0	0	0	0	0	0	0.0
0.02126086152708449	0	345	0	0	0	0	0	0	0	0	0	0	0	0	0	0.0
0.021199235841498736	0	344	0	0	0	0	0	0	0	0	0	0	0	0	0	0.0
0.02107598447032723	0	342	0	0	0	0	0	0	0	0	0	0	0	0	0	0.0
0.020952733099155726	0	340	0	0	0	0	0	0	0	0	0	0	0	0	0	0.0
0.020891107413569976	0	339	0	0	0	0	0	0	0	0	0	0	0	0	0	0.0
0.02070623035681272	0	336	0	0	0	0	0	0	0	0	0	0	0	0	0	0.0
0.020582978985641216	0	334	0	0	0	0	0	0	0	0	0	0	0	0	0	0.0
0.020336476243298207	0	330	0	0	0	0	0	0	0	0	0	0	0	0	0	0.0
0.020274850557712453	0	329	0	0	0	0	0	0	0	0	0	0	0	0	0	0.0
0.020213224872126703	0	328	0	0	0	0	0	0	0	0	0	0	0	0	0	0.0
0.019966722129783693	0	324	0	0	0	0	0	0	0	0	0	0	0	0	0	0.0
0.01978184507302644	0	321	0	0	0	0	0	0	0	0	0	0	0	0	0	0.0
0.01953534233068343	0	317	0	0	0	0	0	0	0	0	0	0	0	0	0	0.0
0.019473716645097675	0	316	0	0	0	0	0	0	0	0	0	0	0	0	0	0.0
0.019350465273926174	0	314	0	0	0	0	0	0	0	0	0	0	0	0	0	0.0
0.01928883958834042	0	313	0	0	0	0	0	0	0	0	0	0	0	0	0	0.0
0.019165588217168916	0	311	0	0	0	0	0	0	0	0	0	0	0	0	0	0.0
0.01898071116041166	0	308	0	0	0	0	0	0	0	0	0	0	0	0	0	0.0
0.018919085474825906	0	307	0	0	0	0	0	0	0	0	0	0	0	0	0	0.0
0.018795834103654402	0	305	0	0	0	0	0	0	0	0	0	0	0	0	0	0.0
0.01873420841806865	0	304	0	0	0	0	0	0	0	0	0	0	0	0	0	0.0
0.018549331361311396	0	301	0	0	0	0	0	0	0	0	0	0	0	0	0	0.0
0.018364454304554138	0	298	0	0	0	0	0	0	0	0	0	0	0	0	0	0.0
0.018241202933382633	0	296	0	0	0	0	0	0	0	0	0	0	0	0	0	0.0
0.018179577247796883	0	295	0	0	0	0	0	0	0	0	0	0	0	0	0	0.0
0.017994700191039624	0	292	0	0	0	0	0	0	0	0	0	0	0	0	0	0.0
0.01780982313428237	0	289	0	0	0	0	0	0	0	0	0	0	0	0	0	0.0
0.017686571763110864	0	287	0	0	0	0	0	0	0	0	0	0	0	0	0	0.0
0.017624946077525114	0	286	0	0	0	0	0	0	0	0	0	0	0	0	0	0.0
0.01750169470635361	0	284	0	0	0	0	0	0	0	0	0	0	0	0	0	0.0
0.017440069020767855	0	283	0	0	0	0	0	0	0	0	0	0	0	0	0	0.0
0.017378443335182105	0	282	0	0	0	0	0	0	0	0	0	0	0	0	0	0.0
0.01731681764959635	0	281	0	0	0	0	0	0	0	0	0	0	0	0	0	0.0
0.0172551919640106	0	280	0	0	0	0	0	0	0	0	0	0	0	0	0	0.0
0.017193566278424846	0	279	0	0	0	0	0	0	0	0	0	0	0	0	0	0.0
0.01707031490725334	0	277	0	0	0	0	0	0	0	0	0	0	0	0	0	0.0
0.016885437850496086	0	274	0	0	0	0	0	0	0	0	0	0	0	0	0	0.0
0.016762186479324582	0	272	0	0	0	0	0	0	0	0	0	0	0	0	0	0.0
0.016577309422567327	0	269	0	0	0	0	0	0	0	0	0	0	0	0	0	0.0
0.016515683736981573	0	268	0	0	0	0	0	0	0	0	0	0	0	0	0	0.0
0.016454058051395822	0	267	0	0	0	0	0	0	0	0	0	0	0	0	0	0.0
0.016145929623467063	0	262	0	0	0	0	0	0	0	0	0	0	0	0	0	0.0
0.016022678252295558	0	260	0	0	0	0	0	0	0	0	0	0	0	0	0	0.0
0.015899426881124053	0	258	0	0	0	0	0	0	0	0	0	0	0	0	0	0.0
0.0158378011955383	0	257	0	0	0	0	0	0	0	0	0	0	0	0	0	0.0
0.015714549824366795	0	255	0	0	0	0	0	0	0	0	0	0	0	0	0	0.0
0.015652924138781044	0	254	0	0	0	0	0	0	0	0	0	0	0	0	0	0.0
0.01552967276760954	0	252	0	0	0	0	0	0	0	0	0	0	0	0	0	0.0
0.015468047082023787	0	251	0	0	0	0	0	0	0	0	0	0	0	0	0	0.0
0.01528317002526653	0	248	0	0	0	0	0	0	0	0	0	0	0	0	0	0.0
0.015221544339680778	0	247	0	0	0	0	0	0	0	0	0	0	0	0	0	0.0
0.015159918654095026	0	246	0	0	0	0	0	0	0	0	0	0	0	0	0	0.0
0.015036667282923523	0	244	0	0	0	0	0	0	0	0	0	0	0	0	0	0.0
0.014975041597337771	0	243	0	0	0	0	0	0	0	0	0	0	0	0	0	0.0
0.014851790226166266	0	241	0	0	0	0	0	0	0	0	0	0	0	0	0	0.0
0.014790164540580514	0	240	0	0	0	0	0	0	0	0	0	0	0	0	0	0.0
0.014728538854994762	0	239	0	0	0	0	0	0	0	0	0	0	0	0	0	0.0
0.014543661798237505	0	236	0	0	0	0	0	0	0	0	0	0	0	0	0	0.0
0.014420410427066	0	234	0	0	0	0	0	0	0	0	0	0	0	0	0	0.0
0.014235533370308745	0	231	0	0	0	0	0	0	0	0	0	0	0	0	0	0.0
0.01411228199913724	0	229	0	0	0	0	0	0	0	0	0	0	0	0	0	0.0
0.013989030627965736	0	227	0	0	0	0	0	0	0	0	0	0	0	0	0	0.0
0.013927404942379984	0	226	0	0	0	0	0	0	0	0	0	0	0	0	0	0.0
0.013865779256794232	0	225	0	0	0	0	0	0	0	0	0	0	0	0	0	0.0
0.013742527885622727	0	223	0	0	0	0	0	0	0	0	0	0	0	0	0	0.0
0.013680902200036975	0	222	0	0	0	0	0	0	0	0	0	0	0	0	0	0.0
0.01355765082886547	0	220	0	0	0	0	0	0	0	0	0	0	0	0	0	0.0
0.01349602514327972	0	219	0	0	0	0	0	0	0	0	0	0	0	0	0	0.0
0.013311148086522463	0	216	0	0	0	0	0	0	0	0	0	0	0	0	0	0.0
0.01324952240093671	0	215	0	0	0	0	0	0	0	0	0	0	0	0	0	0.0
0.013064645344179454	0	212	0	0	0	0	0	0	0	0	0	0	0	0	0	0.0
0.01294139397300795	0	210	0	0	0	0	0	0	0	0	0	0	0	0	0	0.0
0.012818142601836445	0	208	0	0	0	0	0	0	0	0	0	0	0	0	0	0.0
0.012756516916250694	0	207	0	0	0	0	0	0	0	0	0	0	0	0	0	0.0
0.012694891230664942	0	206	0	0	0	0	0	0	0	0	0	0	0	0	0	0.0
0.01263326554507919	0	205	0	0	0	0	0	0	0	0	0	0	0	0	0	0.0
0.012510014173907685	0	203	0	0	0	0	0	0	0	0	0	0	0	0	0	0.0
0.01238676280273618	0	201	0	0	0	0	0	0	0	0	0	0	0	0	0	0.0
0.012263511431564676	0	199	0	0	0	0	0	0	0	0	0	0	0	0	0	0.0
0.012140260060393171	0	197	0	0	0	0	0	0	0	0	0	0	0	0	0	0.0
0.011955383003635916	0	194	0	0	0	0	0	0	0	0	0	0	0	0	0	0.0
0.011893757318050164	0	193	0	0	0	0	0	0	0	0	0	0	0	0	0	0.0
0.011832131632464412	0	192	0	0	0	0	0	0	0	0	0	0	0	0	0	0.0
0.01177050594687866	0	191	0	0	0	0	0	0	0	0	0	0	0	0	0	0.0
0.011708880261292907	0	190	0	0	0	0	0	0	0	0	0	0	0	0	0	0.0
0.011647254575707155	0	189	0	0	0	0	0	0	0	0	0	0	0	0	0	0.0
0.01152400320453565	0	187	0	0	0	0	0	0	0	0	0	0	0	0	0	0.0
0.011462377518949898	0	186	0	0	0	0	0	0	0	0	0	0	0	0	0	0.0
0.011400751833364146	0	185	0	0	0	0	0	0	0	0	0	0	0	0	0	0.0
0.011277500462192641	0	183	0	0	0	0	0	0	0	0	0	0	0	0	0	0.0
0.011030997719849634	0	179	0	0	0	0	0	0	0	0	0	0	0	0	0	0.0
0.010784494977506625	0	175	0	0	0	0	0	0	0	0	0	0	0	0	0	0.0
0.010722869291920872	0	174	0	0	0	0	0	0	0	0	0	0	0	0	0	0.0
0.01066124360633512	0	173	0	0	0	0	0	0	0	0	0	0	0	0	0	0.0
0.010599617920749368	0	172	0	0	0	0	0	0	0	0	0	0	0	0	0	0.0
0.010537992235163616	0	171	0	0	0	0	0	0	0	0	0	0	0	0	0	0.0
0.010476366549577863	0	170	0	0	0	0	0	0	0	0	0	0	0	0	0	0.0
0.010414740863992113	0	169	0	0	0	0	0	0	0	0	0	0	0	0	0	0.0
0.01035311517840636	0	168	0	0	0	0	0	0	0	0	0	0	0	0	0	0.0
0.010291489492820608	0	167	0	0	0	0	0	0	0	0	0	0	0	0	0	0.0
0.010229863807234856	0	166	0	0	0	0	0	0	0	0	0	0	0	0	0	0.0
0.010168238121649104	0	165	0	0	0	0	0	0	0	0	0	0	0	0	0	0.0
0.010044986750477599	0	163	0	0	0	0	0	0	0	0	0	0	0	0	0	0.0
0.009983361064891847	0	162	0	0	0	0	0	0	0	0	0	0	0	0	0	0.0
0.009736858322548838	0	158	0	0	0	0	0	0	0	0	0	0	0	0	0	0.0
0.009675232636963087	0	157	0	0	0	0	0	0	0	0	0	0	0	0	0	0.0
0.009551981265791583	0	155	0	0	0	0	0	0	0	0	0	0	0	0	0	0.0
0.00949035558020583	0	154	0	0	0	0	0	0	0	0	0	0	0	0	0	0.0
0.009428729894620078	0	153	0	0	0	0	0	0	0	0	0	0	0	0	0	0.0
0.009367104209034326	0	152	0	0	0	0	0	0	0	0	0	0	0	0	0	0.0
0.009305478523448573	0	151	0	0	0	0	0	0	0	0	0	0	0	0	0	0.0
0.009243852837862821	0	150	0	0	0	0	0	0	0	0	0	0	0	0	0	0.0
0.009120601466691317	0	148	0	0	0	0	0	0	0	0	0	0	0	0	0	0.0
0.009058975781105564	0	147	0	0	0	0	0	0	0	0	0	0	0	0	0	0.0
0.008997350095519812	0	146	0	0	0	0	0	0	0	0	0	0	0	0	0	0.0
0.00893572440993406	0	145	0	0	0	0	0	0	0	0	0	0	0	0	0	0.0
0.008812473038762557	0	143	0	0	0	0	0	0	0	0	0	0	0	0	0	0.0
0.008750847353176805	0	142	0	0	0	0	0	0	0	0	0	0	0	0	0	0.0
0.008689221667591052	0	141	0	0	0	0	0	0	0	0	0	0	0	0	0	0.0
0.0086275959820053	0	140	0	0	0	0	0	0	0	0	0	0	0	0	0	0.0
0.008381093239662291	0	136	0	0	0	0	0	0	0	0	0	0	0	0	0	0.0
0.008319467554076539	0	135	0	0	0	0	0	0	0	0	0	0	0	0	0	0.0
0.008257841868490786	0	134	0	0	0	0	0	0	0	0	0	0	0	0	0	0.0
0.008072964811733531	0	131	0	0	0	0	0	0	0	0	0	0	0	0	0	0.0
0.008011339126147779	0	130	0	0	0	0	0	0	0	0	0	0	0	0	0	0.0
0.007949713440562027	0	129	0	0	0	0	0	0	0	0	0	0	0	0	0	0.0
0.007888087754976274	0	128	0	0	0	0	0	0	0	0	0	0	0	0	0	0.0
0.007826462069390522	0	127	0	0	0	0	0	0	0	0	0	0	0	0	0	0.0
0.00776483638380477	0	126	0	0	0	0	0	0	0	0	0	0	0	0	0	0.0
0.007703210698219018	0	125	0	0	0	0	0	0	0	0	0	0	0	0	0	0.0
0.007579959327047513	0	123	0	0	0	0	0	0	0	0	0	0	0	0	0	0.0
0.007518333641461762	0	122	0	0	0	0	0	0	0	0	0	0	0	0	0	0.0
0.007456707955876009	0	121	0	0	0	0	0	0	0	0	0	0	0	0	0	0.0
0.007395082270290257	0	120	0	0	0	0	0	0	0	0	0	0	0	0	0	0.0
0.007333456584704505	0	119	0	0	0	0	0	0	0	0	0	0	0	0	0	0.0
0.0072718308991187525	0	118	0	0	0	0	0	0	0	0	0	0	0	0	0	0.0
0.007210205213533	0	117	0	0	0	0	0	0	0	0	0	0	0	0	0	0.0
0.007148579527947249	0	116	0	0	0	0	0	0	0	0	0	0	0	0	0	0.0
0.0070869538423614965	0	115	0	0	0	0	0	0	0	0	0	0	0	0	0	0.0
0.007025328156775744	0	114	0	0	0	0	0	0	0	0	0	0	0	0	0	0.0
0.006963702471189992	0	113	0	0	0	0	0	0	0	0	0	0	0	0	0	0.0
0.00690207678560424	0	112	0	0	0	0	0	0	0	0	0	0	0	0	0	0.0
0.006840451100018487	0	111	0	0	0	0	0	0	0	0	0	0	0	0	0	0.0
0.006778825414432735	0	110	0	0	0	0	0	0	0	0	0	0	0	0	0	0.0
0.006717199728846984	0	109	0	0	0	0	0	0	0	0	0	0	0	0	0	0.0
0.0066555740432612314	0	108	0	0	0	0	0	0	0	0	0	0	0	0	0	0.0
0.006593948357675479	0	107	0	0	0	0	0	0	0	0	0	0	0	0	0	0.0
0.006532322672089727	0	106	0	0	0	0	0	0	0	0	0	0	0	0	0	0.0
0.006470696986503975	0	105	0	0	0	0	0	0	0	0	0	0	0	0	0	0.0
0.006409071300918222	0	104	0	0	0	0	0	0	0	0	0	0	0	0	0	0.0
0.006347445615332471	0	103	0	0	0	0	0	0	0	0	0	0	0	0	0	0.0
0.006224194244160966	0	101	0	0	0	0	0	0	0	0	0	0	0	0	0	0.0
0.006162568558575214	0	100	0	0	0	0	0	0	0	0	0	0	0	0	0	0.0
0.0060393171874037095	0	98	0	0	0	0	0	0	0	0	0	0	0	0	0	0.0
0.005977691501817958	0	97	0	0	0	0	0	0	0	0	0	0	0	0	0	0.0
0.005916065816232206	0	96	0	0	0	0	0	0	0	0	0	0	0	0	0	0.0
0.0058544401306464535	0	95	0	0	0	0	0	0	0	0	0	0	0	0	0	0.0
0.005792814445060701	0	94	0	0	0	0	0	0	0	0	0	0	0	0	0	0.0
0.005731188759474949	0	93	0	0	0	0	0	0	0	0	0	0	0	0	0	0.0
0.005669563073889197	0	92	0	0	0	0	0	0	0	0	0	0	0	0	0	0.0
0.005607937388303445	0	91	0	0	0	0	0	0	0	0	0	0	0	0	0	0.0
0.005546311702717693	0	90	0	0	0	0	0	0	0	0	0	0	0	0	0	0.0
0.005484686017131941	0	89	0	0	0	0	0	0	0	0	0	0	0	0	0	0.0
0.0054230603315461885	0	88	0	0	0	0	0	0	0	0	0	0	0	0	0	0.0
0.005299808960374684	0	86	0	0	0	0	0	0	0	0	0	0	0	0	0	0.0
0.005238183274788932	0	85	0	0	0	0	0	0	0	0	0	0	0	0	0	0.0
0.00517655758920318	0	84	0	0	0	0	0	0	0	0	0	0	0	0	0	0.0
0.005114931903617428	0	83	0	0	0	0	0	0	0	0	0	0	0	0	0	0.0
0.005053306218031676	0	82	0	0	0	0	0	0	0	0	0	0	0	0	0	0.0
0.004991680532445923	0	81	0	0	0	0	0	0	0	0	0	0	0	0	0	0.0
0.004930054846860171	0	80	0	0	0	0	0	0	0	0	0	0	0	0	0	0.0
0.004868429161274419	0	79	0	0	0	0	0	0	0	0	0	0	0	0	0	0.0
0.004806803475688667	0	78	0	0	0	0	0	0	0	0	0	0	0	0	0	0.0
0.004745177790102915	0	77	0	0	0	0	0	0	0	0	0	0	0	0	0	0.0
0.004683552104517163	0	76	0	0	0	0	0	0	0	0	0	0	0	0	0	0.0
0.0046219264189314106	0	75	0	0	0	0	0	0	0	0	0	0	0	0	0	0.0
0.004560300733345658	0	74	0	0	0	0	0	0	0	0	0	0	0	0	0	0.0
0.004498675047759906	0	73	0	0	0	0	0	0	0	0	0	0	0	0	0	0.0
0.004437049362174155	0	72	0	0	0	0	0	0	0	0	0	0	0	0	0	0.0
0.004375423676588402	0	71	0	0	0	0	0	0	0	0	0	0	0	0	0	0.0
0.00431379799100265	0	70	0	0	0	0	0	0	0	0	0	0	0	0	0	0.0
0.004252172305416898	0	69	0	0	0	0	0	0	0	0	0	0	0	0	0	0.0
0.0041905466198311455	0	68	0	0	0	0	0	0	0	0	0	0	0	0	0	0.0
0.004128920934245393	0	67	0	0	0	0	0	0	0	0	0	0	0	0	0	0.0
0.004067295248659641	0	66	0	0	0	0	0	0	0	0	0	0	0	0	0	0.0
0.0040056695630738895	0	65	0	0	0	0	0	0	0	0	0	0	0	0	0	0.0
0.003944043877488137	0	64	0	0	0	0	0	0	0	0	0	0	0	0	0	0.0
0.003882418191902385	0	63	0	0	0	0	0	0	0	0	0	0	0	0	0	0.0
0.0038207925063166327	0	62	0	0	0	0	0	0	0	0	0	0	0	0	0	0.0
0.003759166820730881	0	61	0	0	0	0	0	0	0	0	0	0	0	0	0	0.0
0.0036975411351451285	0	60	0	0	0	0	0	0	0	0	0	0	0	0	0	0.0
0.0035742897639736244	0	58	0	0	0	0	0	0	0	0	0	0	0	0	0	0.0
0.003512664078387872	0	57	0	0	0	0	0	0	0	0	0	0	0	0	0	0.0
0.00345103839280212	0	56	0	0	0	0	0	0	0	0	0	0	0	0	0	0.0
0.0033894127072163676	0	55	0	0	0	0	0	0	0	0	0	0	0	0	0	0.0
0.0033277870216306157	0	54	0	0	0	0	0	0	0	0	0	0	0	0	0	0.0
0.0032661613360448634	0	53	0	0	0	0	0	0	0	0	0	0	0	0	0	0.0
0.003204535650459111	0	52	0	0	0	0	0	0	0	0	0	0	0	0	0	0.0
0.0031429099648733593	0	51	0	0	0	0	0	0	0	0	0	0	0	0	0	0.0
0.003081284279287607	0	50	0	0	0	0	0	0	0	0	0	0	0	0	0	0.0
0.0030196585937018548	0	49	0	0	0	0	0	0	0	0	0	0	0	0	0	0.0
0.002958032908116103	0	48	0	0	0	0	0	0	0	0	0	0	0	0	0	0.0
0.0028964072225303506	0	47	0	0	0	0	0	0	0	0	0	0	0	0	0	0.0
0.0028347815369445984	0	46	0	0	0	0	0	0	0	0	0	0	0	0	0	0.0
0.0027731558513588465	0	45	0	0	0	0	0	0	0	0	0	0	0	0	0	0.0
0.0027115301657730942	0	44	0	0	0	0	0	0	0	0	0	0	0	0	0	0.0
0.002649904480187342	0	43	0	0	0	0	0	0	0	0	0	0	0	0	0	0.0
0.00258827879460159	0	42	0	0	0	0	0	0	0	0	0	0	0	0	0	0.0
0.0024650274234300855	0	40	0	0	0	0	0	0	0	0	0	0	0	0	0	0.0
0.0024034017378443337	0	39	0	0	0	0	0	0	0	0	0	0	0	0	0	0.0
0.0023417760522585814	0	38	0	0	0	0	0	0	0	0	0	0	0	0	0	0.0
0.002280150366672829	0	37	0	0	0	0	0	0	0	0	0	0	0	0	0	0.0
0.0022185246810870773	0	36	0	0	0	0	0	0	0	0	0	0	0	0	0	0.0
0.002156898995501325	0	35	0	0	0	0	0	0	0	0	0	0	0	0	0	0.0
0.0020952733099155727	0	34	0	0	0	0	0	0	0	0	0	0	0	0	0	0.0
0.0020336476243298205	0	33	0	0	0	0	0	0	0	0	0	0	0	0	0	0.0
0.0019720219387440686	0	32	0	0	0	0	0	0	0	0	0	0	0	0	0	0.0
0.0019103962531583163	0	31	0	0	0	0	0	0	0	0	0	0	0	0	0	0.0
0.0018487705675725643	0	30	0	0	0	0	0	0	0	0	0	0	0	0	0	0.0
0.0017871448819868122	0	29	0	0	0	0	0	0	0	0	0	0	0	0	0	0.0
0.00172551919640106	0	28	0	0	0	0	0	0	0	0	0	0	0	0	0	0.0
0.0016638935108153079	0	27	0	0	0	0	0	0	0	0	0	0	0	0	0	0.0
0.0016022678252295556	0	26	0	0	0	0	0	0	0	0	0	0	0	0	0	0.0
0.0015406421396438035	0	25	0	0	0	0	0	0	0	0	0	0	0	0	0	0.0
0.0014790164540580515	0	24	0	0	0	0	0	0	0	0	0	0	0	0	0	0.0
0.0014173907684722992	0	23	0	0	0	0	0	0	0	0	0	0	0	0	0	0.0
0.0013557650828865471	0	22	0	0	0	0	0	0	0	0	0	0	0	0	0	0.0
0.001294139397300795	0	21	0	0	0	0	0	0	0	0	0	0	0	0	0	0.0
0.0012325137117150428	0	20	0	0	0	0	0	0	0	0	0	0	0	0	0	0.0
0.0011708880261292907	0	19	0	0	0	0	0	0	0	0	0	0	0	0	0	0.0
0.0011092623405435386	0	18	0	0	0	0	0	0	0	0	0	0	0	0	0	0.0
0.0010476366549577864	0	17	0	0	0	0	0	0	0	0	0	0	0	0	0	0.0
9.860109693720343E-4	0	16	0	0	0	0	0	0	0	0	0	0	0	0	0	0.0
9.243852837862821E-4	0	15	0	0	0	0	0	0	0	0	0	0	0	0	0	0.0
8.6275959820053E-4	0	14	0	0	0	0	0	0	0	0	0	0	0	0	0	0.0
8.011339126147778E-4	0	13	0	0	0	0	0	0	0	0	0	0	0	0	0	0.0
7.395082270290257E-4	0	12	0	0	0	0	0	0	0	0	0	0	0	0	0	0.0
6.778825414432736E-4	0	11	0	0	0	0	0	0	0	0	0	0	0	0	0	0.0
6.162568558575214E-4	0	10	0	0	0	0	0	0	0	0	0	0	0	0	0	0.0
5.546311702717693E-4	0	9	0	0	0	0	0	0	0	0	0	0	0	0	0	0.0
4.930054846860172E-4	0	8	0	0	0	0	0	0	0	0	0	0	0	0	0	0.0
4.31379799100265E-4	0	7	0	0	0	0	0	0	0	0	0	0	0	0	0	0.0
3.6975411351451286E-4	0	6	0	0	0	0	0	0	0	0	0	0	0	0	0	0.0
3.081284279287607E-4	0	5	0	0	0	0	0	0	0	0	0	0	0	0	0	0.0
2.465027423430086E-4	0	4	0	0	0	0	0	0	0	0	0	0	0	0	0	0.0
1.8487705675725643E-4	0	3	0	0	0	0	0	0	0	0	0	0	0	0	0	0.0
1.232513711715043E-4	0	2	0	0	0	0	0	0	0	0	0	0	0	0	0	0.0
